0,19,0.745796,161.000000
100,13,0.361067,58.000000
200,17,0.350497,76.000000
300,18,0.350896,69.000000
400,5,0.298232,20.000000
500,11,0.317318,41.000000
600,16,0.319798,55.000000
700,14,0.323664,55.000000
800,15,0.322391,55.000000
900,13,0.332188,56.000000
1000,15,0.324976,57.000000
1100,10,0.316284,32.000000
1200,3,0.257139,11.000000
1300,16,0.589326,93.000000
1400,20,0.330514,79.000000
1500,15,0.324751,66.000000
1600,1,0.169888,3.000000
1700,12,0.324160,53.000000
1800,11,0.320722,45.000000
1900,11,0.319290,45.000000
2000,5,0.287638,13.000000
2100,1,0.175722,5.000000
2200,5,0.289867,21.000000
2300,4,0.274014,13.000000
2400,16,0.333168,65.000000
2500,17,0.333953,74.000000
2600,13,0.327945,57.000000
2700,12,0.322011,49.000000
2800,10,0.318463,48.000000
2900,13,0.323034,53.000000
3000,1,0.174269,4.000000
3100,3,0.275742,13.000000
3200,3,0.265380,14.000000
3300,2,0.223333,7.000000
3400,20,0.340413,87.000000
3500,5,0.300016,25.000000
3600,13,0.322383,54.000000
3700,1,0.170469,4.000000
3800,4,0.290198,17.000000
3900,13,0.327163,58.000000
4000,20,0.332106,75.000000
4100,14,0.323379,54.000000
4200,3,0.256042,8.000000
4300,3,0.255831,11.000000
4400,2,0.222652,6.000000
4500,3,0.259478,14.000000
4600,11,0.320167,45.000000
4700,11,0.321866,47.000000
4800,13,0.328320,55.000000
4900,6,0.293213,22.000000
5000,16,0.326398,61.000000
5100,11,0.322965,50.000000
5200,8,0.308419,33.000000
5300,4,0.268929,13.000000
5400,2,0.227745,6.000000
5500,13,0.323763,51.000000
5600,16,0.323244,62.000000
5700,10,0.315695,39.000000
5800,3,0.260895,14.000000
5900,9,0.315451,44.000000
6000,13,0.321104,52.000000
6100,7,0.294072,21.000000
6200,8,0.311122,35.000000
6300,9,0.323883,40.000000
6400,19,0.329477,76.000000
6500,13,0.325667,51.000000
6600,13,0.331327,56.000000
6700,19,0.332576,72.000000
6800,6,0.296865,24.000000
6900,6,0.307663,29.000000
7000,9,0.313180,34.000000
7100,2,0.230213,8.000000
7200,5,0.283297,16.000000
7300,12,0.322893,54.000000
7400,15,0.326345,58.000000
7500,16,0.326306,64.000000
7600,15,0.325789,58.000000
7700,18,0.332414,80.000000
7800,15,0.325117,63.000000
7900,4,0.280744,16.000000
8000,11,0.325134,47.000000
8100,6,0.300061,24.000000
8200,7,0.299935,23.000000
8300,20,0.334035,79.000000
8400,1,0.176364,5.000000
8500,16,0.326030,60.000000
8600,12,0.330868,54.000000
8700,4,0.276679,18.000000
8800,3,0.252981,9.000000
8900,17,0.338563,69.000000
9000,6,0.295787,26.000000
9100,2,0.215156,5.000000
9200,14,0.331562,58.000000
9300,14,0.326871,58.000000
9400,10,0.319762,41.000000
9500,19,0.329906,72.000000
9600,10,0.317156,44.000000
9700,5,0.286975,20.000000
9800,5,0.290186,20.000000
9900,17,0.331124,70.000000
10000,3,0.261861,14.000000
10100,16,0.329482,61.000000
10200,4,0.269735,12.000000
10300,3,0.261884,12.000000
10400,17,0.329917,70.000000
10500,17,0.325412,61.000000
10600,7,0.299369,24.000000
10700,11,0.322124,45.000000
10800,6,0.293849,26.000000
10900,1,0.170675,3.000000
11000,13,0.333435,63.000000
11100,4,0.282953,19.000000
11200,15,0.325815,64.000000
11300,12,0.320195,50.000000
11400,9,0.316940,40.000000
11500,11,0.326367,57.000000
11600,15,0.325440,62.000000
11700,4,0.282987,17.000000
11800,7,0.299961,23.000000
11900,19,0.325662,66.000000
12000,2,0.233213,9.000000
12100,4,0.275496,14.000000
12200,20,0.329785,71.000000
12300,1,0.162550,2.000000
12400,15,0.327138,62.000000
12500,17,0.324240,62.000000
12600,5,0.298248,23.000000
12700,1,0.173652,5.000000
12800,12,0.318292,44.000000
12900,17,0.327845,66.000000
13000,14,0.324089,53.000000
13100,1,0.177455,6.000000
13200,16,0.332046,68.000000
13300,15,0.323956,55.000000
13400,1,0.165397,3.000000
13500,11,0.317728,47.000000
13600,3,0.276151,15.000000
13700,13,0.320577,50.000000
13800,20,0.328923,70.000000
13900,12,0.323222,49.000000
14000,9,0.310028,31.000000
14100,19,0.329029,67.000000
14200,8,0.323209,38.000000
14300,12,0.323384,45.000000
14400,4,0.272564,14.000000
14500,7,0.307498,30.000000
14600,3,0.263367,16.000000
14700,14,0.321373,52.000000
14800,5,0.281242,16.000000
14900,20,0.324051,69.000000
15000,10,0.314267,42.000000
15100,5,0.303639,24.000000
15200,7,0.319033,34.000000
15300,1,0.169849,4.000000
15400,7,0.297308,26.000000
15500,19,0.331743,82.000000
15600,19,0.328961,74.000000
15700,5,0.292986,21.000000
15800,20,0.339663,93.000000
15900,12,0.326020,46.000000
16000,20,0.337895,91.000000
16100,10,0.324550,42.000000
16200,15,0.323341,53.000000
16300,4,0.269267,14.000000
16400,2,0.227169,5.000000
16500,5,0.284345,19.000000
16600,17,0.331199,64.000000
16700,10,0.305856,32.000000
16800,20,0.331033,77.000000
16900,11,0.327281,48.000000
17000,4,0.291186,21.000000
17100,13,0.320312,50.000000
17200,19,0.329893,73.000000
17300,3,0.261313,11.000000
17400,5,0.292110,20.000000
17500,6,0.303526,23.000000
17600,7,0.307003,30.000000
17700,8,0.313367,35.000000
17800,8,0.313962,34.000000
17900,14,0.321576,50.000000
18000,10,0.312026,38.000000
18100,10,0.311926,34.000000
18200,10,0.319661,43.000000
18300,11,0.330682,49.000000
18400,5,0.291245,18.000000
18500,4,0.279278,17.000000
18600,15,0.320638,56.000000
18700,18,0.331386,72.000000
18800,20,0.330423,80.000000
18900,20,0.331998,82.000000
19000,8,0.302820,27.000000
19100,6,0.296883,22.000000
19200,2,0.231658,9.000000
19300,18,0.325735,66.000000
19400,20,0.332359,84.000000
19500,8,0.307866,24.000000
19600,7,0.311158,30.000000
19700,9,0.318032,39.000000
19800,18,0.329256,73.000000
19900,16,0.321898,58.000000
20000,1,0.181996,6.000000
20100,11,0.317424,37.000000
20200,18,0.337952,78.000000
20300,9,0.316109,37.000000
20400,7,0.299719,26.000000
20500,9,0.318316,42.000000
20600,3,0.247965,8.000000
20700,18,0.325276,62.000000
20800,7,0.307282,30.000000
20900,9,0.303953,24.000000
21000,8,0.307500,35.000000
21100,19,0.334198,89.000000
21200,17,0.328874,66.000000
21300,17,0.330565,72.000000
21400,7,0.307850,35.000000
21500,12,0.323716,51.000000
21600,12,0.320089,45.000000
21700,6,0.294886,20.000000
21800,14,0.344004,61.000000
21900,4,0.291352,21.000000
22000,5,0.283775,18.000000
22100,17,0.327728,68.000000
22200,20,0.331268,73.000000
22300,20,0.330425,79.000000
22400,14,0.323966,48.000000
22500,1,0.177866,5.000000
22600,3,0.258587,11.000000
22700,7,0.311473,28.000000
22800,9,0.310930,35.000000
22900,7,0.307995,35.000000
23000,9,0.318868,40.000000
23100,11,0.307501,33.000000
23200,5,0.303947,24.000000
23300,9,0.309331,31.000000
23400,12,0.323216,56.000000
23500,4,0.288121,17.000000
23600,8,0.309906,32.000000
23700,17,0.329995,68.000000
23800,13,0.317665,52.000000
23900,4,0.285858,17.000000
24000,14,0.322647,54.000000
24100,7,0.303969,29.000000
24200,13,0.326383,61.000000
24300,14,0.324149,57.000000
24400,16,0.322779,57.000000
24500,3,0.261984,13.000000
24600,15,0.323854,58.000000
24700,18,0.326892,66.000000
24800,14,0.330567,65.000000
24900,11,0.329172,48.000000
25000,20,0.329250,80.000000
25100,12,0.313868,37.000000
25200,12,0.330012,51.000000
25300,4,0.285942,24.000000
25400,13,0.323680,54.000000
25500,17,0.328370,61.000000
25600,7,0.308594,32.000000
25700,11,0.325807,49.000000
25800,20,0.328982,73.000000
25900,7,0.301285,30.000000
26000,16,0.331424,75.000000
26100,1,0.164625,2.000000
26200,18,0.332790,82.000000
26300,19,0.326405,64.000000
26400,1,0.196230,6.000000
26500,3,0.262787,11.000000
26600,13,0.319271,49.000000
26700,9,0.318415,37.000000
26800,17,0.332154,71.000000
26900,6,0.299965,27.000000
27000,10,0.314005,41.000000
27100,4,0.302453,23.000000
27200,20,0.345574,92.000000
27300,3,0.282186,17.000000
27400,18,0.331662,74.000000
27500,13,0.329463,53.000000
27600,6,0.297850,25.000000
27700,8,0.305845,28.000000
27800,2,0.248006,12.000000
27900,16,0.328951,65.000000
28000,9,0.310964,32.000000
28100,20,0.330270,80.000000
28200,16,0.335262,73.000000
28300,1,0.189582,4.000000
28400,8,0.310668,33.000000
28500,1,0.169214,3.000000
28600,10,0.316694,42.000000
28700,17,0.326065,66.000000
28800,1,0.182509,6.000000
28900,2,0.239452,10.000000
29000,14,0.326469,58.000000
29100,14,0.322429,55.000000
29200,1,0.163652,4.000000
29300,2,0.228436,6.000000
29400,16,0.328120,62.000000
29500,2,0.221016,6.000000
29600,4,0.265526,13.000000
29700,16,0.326837,56.000000
29800,19,0.330891,80.000000
29900,4,0.284488,16.000000
30000,10,0.313726,42.000000
30100,7,0.309180,30.000000
30200,14,0.323413,55.000000
30300,12,0.324874,50.000000
30400,13,0.317902,47.000000
30500,1,0.187197,6.000000
30600,12,0.321689,52.000000
30700,11,0.322046,46.000000
30800,10,0.311988,32.000000
30900,13,0.322685,49.000000
31000,13,0.323255,48.000000
31100,6,0.300943,21.000000
31200,8,0.313269,33.000000
31300,14,0.337430,71.000000
31400,12,0.323969,50.000000
31500,15,0.324177,56.000000
31600,1,0.165261,3.000000
31700,9,0.318364,38.000000
31800,16,0.324524,55.000000
31900,14,0.322452,53.000000
32000,7,0.302465,30.000000
32100,4,0.274940,14.000000
32200,16,0.329140,71.000000
32300,11,0.325505,51.000000
32400,17,0.339533,81.000000
32500,8,0.313506,36.000000
32600,19,0.336947,85.000000
32700,12,0.321488,49.000000
32800,16,0.334325,66.000000
32900,20,0.332426,81.000000
33000,19,0.328012,75.000000
33100,4,0.280627,15.000000
33200,6,0.296796,23.000000
33300,8,0.305724,33.000000
33400,20,0.330780,84.000000
33500,15,0.322997,62.000000
33600,13,0.323419,51.000000
33700,1,0.180174,5.000000
33800,10,0.307552,33.000000
33900,6,0.294654,21.000000
34000,6,0.292704,22.000000
34100,16,0.329455,69.000000
34200,4,0.277263,15.000000
34300,10,0.318051,39.000000
34400,9,0.314721,37.000000
34500,5,0.285834,19.000000
34600,16,0.330057,70.000000
34700,2,0.223381,7.000000
34800,13,0.321379,51.000000
34900,19,0.334905,78.000000
35000,16,0.323056,52.000000
35100,2,0.230538,7.000000
35200,14,0.323723,54.000000
35300,6,0.301049,28.000000
35400,12,0.325143,47.000000
35500,3,0.262076,12.000000
35600,7,0.318794,34.000000
35700,11,0.312532,36.000000
35800,14,0.329949,63.000000
35900,17,0.331115,75.000000
36000,4,0.275949,14.000000
36100,2,0.222835,6.000000
36200,4,0.285816,18.000000
36300,18,0.330848,71.000000
36400,15,0.326918,60.000000
36500,8,0.307804,31.000000
36600,15,0.325472,58.000000
36700,2,0.236942,8.000000
36800,10,0.319183,41.000000
36900,19,0.333204,84.000000
37000,14,0.320644,52.000000
37100,19,0.326712,65.000000
37200,5,0.292480,23.000000
37300,14,0.326404,59.000000
37400,8,0.306981,31.000000
37500,3,0.260830,11.000000
37600,19,0.328722,73.000000
37700,10,0.311849,35.000000
37800,11,0.322313,56.000000
37900,15,0.331950,59.000000
38000,13,0.325901,50.000000
38100,6,0.301568,29.000000
38200,17,0.327761,68.000000
38300,16,0.332491,75.000000
38400,17,0.331231,63.000000
38500,4,0.287073,17.000000
38600,9,0.313897,35.000000
38700,14,0.331600,60.000000
38800,2,0.243840,10.000000
38900,7,0.305858,32.000000
39000,20,0.330358,78.000000
39100,7,0.304414,29.000000
39200,20,0.329879,74.000000
39300,4,0.273952,13.000000
39400,20,0.326375,75.000000
39500,8,0.309698,35.000000
39600,11,0.322727,49.000000
39700,13,0.320688,48.000000
39800,8,0.306637,30.000000
39900,16,0.326732,60.000000
40000,2,0.235340,8.000000
40100,4,0.285090,16.000000
40200,7,0.313376,33.000000
40300,10,0.323963,50.000000
40400,5,0.294146,20.000000
40500,12,0.324074,49.000000
40600,17,0.321215,52.000000
40700,5,0.284922,17.000000
40800,16,0.329258,63.000000
40900,13,0.328142,62.000000
41000,16,0.325244,59.000000
41100,4,0.283858,20.000000
41200,5,0.289761,20.000000
41300,20,0.331776,76.000000
41400,11,0.314225,37.000000
41500,20,0.332234,80.000000
41600,11,0.317783,44.000000
41700,12,0.319270,42.000000
41800,7,0.312094,38.000000
41900,19,0.333704,88.000000
42000,18,0.331812,74.000000
42100,8,0.323747,36.000000
42200,14,0.325552,64.000000
42300,12,0.322170,46.000000
42400,16,0.326252,63.000000
42500,11,0.318170,43.000000
42600,4,0.271770,11.000000
42700,11,0.320778,47.000000
42800,3,0.259101,10.000000
42900,16,0.321021,53.000000
43000,16,0.323147,61.000000
43100,5,0.289848,22.000000
43200,13,0.329167,60.000000
43300,10,0.317462,40.000000
43400,5,0.284916,18.000000
43500,8,0.306673,33.000000
43600,4,0.285687,15.000000
43700,7,0.306906,30.000000
43800,18,0.328988,70.000000
43900,11,0.324400,50.000000
44000,11,0.324832,46.000000
44100,12,0.325507,48.000000
44200,16,0.323378,63.000000
44300,7,0.303042,29.000000
44400,6,0.303595,26.000000
44500,12,0.320325,46.000000
44600,5,0.285959,16.000000
44700,5,0.290025,21.000000
44800,20,0.325274,67.000000
44900,6,0.300647,26.000000
45000,12,0.328588,53.000000
45100,10,0.324204,46.000000
45200,6,0.289658,20.000000
45300,10,0.322433,46.000000
45400,6,0.284876,22.000000
45500,10,0.308949,31.000000
45600,10,0.314556,41.000000
45700,20,0.326652,78.000000
45800,18,0.338830,83.000000
45900,8,0.316408,34.000000
46000,9,0.314205,38.000000
46100,10,0.318133,44.000000
46200,2,0.226378,8.000000
46300,16,0.334369,68.000000
46400,11,0.321261,45.000000
46500,18,0.327851,74.000000
46600,11,0.323509,52.000000
46700,3,0.265966,11.000000
46800,13,0.324964,46.000000
46900,15,0.327578,64.000000
47000,15,0.323659,54.000000
47100,19,0.334292,81.000000
47200,18,0.332113,71.000000
47300,18,0.321956,61.000000
47400,9,0.313948,41.000000
47500,7,0.298647,26.000000
47600,6,0.290256,21.000000
47700,19,0.334142,77.000000
47800,20,0.333792,87.000000
47900,17,0.336209,74.000000
48000,16,0.328228,66.000000
48100,8,0.308408,31.000000
48200,8,0.307323,30.000000
48300,2,0.229310,7.000000
48400,20,0.335189,81.000000
48500,10,0.316674,40.000000
48600,2,0.233098,8.000000
48700,11,0.319563,46.000000
48800,3,0.271615,13.000000
48900,19,0.333739,81.000000
49000,6,0.294325,23.000000
49100,7,0.310348,30.000000
49200,12,0.321896,52.000000
49300,12,0.321106,46.000000
49400,9,0.318801,36.000000
49500,11,0.319654,46.000000
49600,11,0.323620,45.000000
49700,20,0.327500,69.000000
49800,13,0.327200,58.000000
49900,12,0.316127,41.000000
50000,10,0.326071,50.000000
50100,7,0.303255,27.000000
50200,5,0.282584,19.000000
50300,17,0.334744,81.000000
50400,7,0.305561,27.000000
50500,11,0.317336,42.000000
50600,1,0.177688,4.000000
50700,1,0.181144,5.000000
50800,7,0.307900,30.000000
50900,14,0.321483,47.000000
51000,8,0.317962,32.000000
51100,6,0.304178,28.000000
51200,14,0.330681,57.000000
51300,2,0.231751,9.000000
51400,2,0.222953,8.000000
51500,8,0.312569,31.000000
51600,1,0.170640,4.000000
51700,17,0.328914,71.000000
51800,5,0.294478,25.000000
51900,8,0.311040,27.000000
52000,11,0.316109,39.000000
52100,4,0.278379,18.000000
52200,9,0.312440,36.000000
52300,18,0.332919,79.000000
52400,11,0.317796,42.000000
52500,10,0.317041,44.000000
52600,11,0.319414,43.000000
52700,18,0.327288,68.000000
52800,1,0.172915,5.000000
52900,13,0.320730,49.000000
53000,4,0.273830,16.000000
53100,18,0.327207,68.000000
53200,5,0.287971,18.000000
53300,7,0.296300,30.000000
53400,3,0.254889,10.000000
53500,8,0.303785,31.000000
53600,3,0.261488,12.000000
53700,5,0.297453,24.000000
53800,15,0.322380,56.000000
53900,8,0.305019,30.000000
54000,20,0.342624,88.000000
54100,4,0.275821,15.000000
54200,17,0.328006,65.000000
54300,4,0.279780,18.000000
54400,14,0.324370,57.000000
54500,4,0.283784,19.000000
54600,18,0.325426,60.000000
54700,1,0.162995,2.000000
54800,7,0.306671,26.000000
54900,19,0.331517,82.000000
55000,13,0.330553,53.000000
55100,5,0.293547,23.000000
55200,5,0.293489,21.000000
55300,19,0.335361,86.000000
55400,20,0.332715,77.000000
55500,1,0.167726,3.000000
55600,5,0.287441,18.000000
55700,16,0.328060,68.000000
55800,7,0.300429,25.000000
55900,6,0.298727,26.000000
56000,20,0.330121,78.000000
56100,14,0.326095,55.000000
56200,17,0.331993,72.000000
56300,17,0.326879,60.000000
56400,5,0.294214,18.000000
56500,2,0.232009,6.000000
56600,18,0.329305,69.000000
56700,10,0.319385,42.000000
56800,20,0.326334,70.000000
56900,20,0.332971,87.000000
57000,8,0.300523,28.000000
57100,19,0.329960,75.000000
57200,16,0.322605,55.000000
57300,2,0.230956,8.000000
57400,4,0.270924,13.000000
57500,18,0.336791,76.000000
57600,15,0.330602,68.000000
57700,12,0.323257,50.000000
57800,18,0.328722,72.000000
57900,11,0.324591,49.000000
58000,9,0.311905,37.000000
58100,15,0.331163,68.000000
58200,13,0.326431,54.000000
58300,8,0.314072,37.000000
58400,12,0.319378,42.000000
58500,15,0.327897,57.000000
58600,7,0.297996,22.000000
58700,16,0.328888,66.000000
58800,15,0.326484,57.000000
58900,13,0.321858,55.000000
59000,9,0.314009,32.000000
59100,5,0.288622,18.000000
59200,15,0.328063,69.000000
59300,6,0.301922,27.000000
59400,4,0.277646,15.000000
59500,15,0.323980,57.000000
59600,12,0.329180,50.000000
59700,11,0.326226,51.000000
59800,3,0.264299,12.000000
59900,11,0.318755,45.000000
60000,8,0.307291,31.000000
60100,6,0.296740,21.000000
60200,3,0.259295,10.000000
60300,15,0.327636,59.000000
60400,17,0.329814,73.000000
60500,17,0.330050,60.000000
60600,16,0.332468,66.000000
60700,1,0.182612,7.000000
60800,20,0.335343,85.000000
60900,19,0.330970,78.000000
61000,17,0.328818,71.000000
61100,6,0.301228,22.000000
61200,10,0.311715,31.000000
61300,10,0.315843,36.000000
61400,16,0.324040,52.000000
61500,10,0.317585,42.000000
61600,16,0.328058,70.000000
61700,3,0.263458,12.000000
61800,20,0.329475,71.000000
61900,11,0.324341,48.000000
62000,1,0.179404,6.000000
62100,12,0.321889,51.000000
62200,5,0.292991,20.000000
62300,19,0.330359,75.000000
62400,17,0.320360,55.000000
62500,7,0.309640,32.000000
62600,11,0.316742,39.000000
62700,3,0.265052,15.000000
62800,13,0.322830,51.000000
62900,17,0.324982,60.000000
63000,8,0.313530,32.000000
63100,6,0.309894,33.000000
63200,2,0.239939,11.000000
63300,13,0.330487,61.000000
63400,9,0.312906,38.000000
63500,19,0.329183,76.000000
63600,8,0.305913,29.000000
63700,7,0.303782,25.000000
63800,9,0.312511,35.000000
63900,2,0.228518,6.000000
64000,3,0.269045,15.000000
64100,12,0.317189,47.000000
64200,12,0.321871,42.000000
64300,17,0.331210,65.000000
64400,20,0.337058,83.000000
64500,17,0.328671,63.000000
64600,11,0.324320,48.000000
64700,12,0.326915,55.000000
64800,20,0.330447,77.000000
64900,20,0.328804,72.000000
65000,5,0.283988,15.000000
65100,20,0.332146,82.000000
65200,15,0.325882,67.000000
65300,1,0.175296,4.000000
65400,1,0.172799,4.000000
65500,11,0.327195,52.000000
65600,19,0.327064,70.000000
65700,3,0.262342,12.000000
65800,6,0.298424,22.000000
65900,7,0.301484,24.000000
66000,20,0.335314,90.000000
66100,2,0.238282,11.000000
66200,15,0.318689,53.000000
66300,20,0.330080,81.000000
66400,6,0.297179,24.000000
66500,4,0.272229,11.000000
66600,8,0.307482,30.000000
66700,14,0.332256,60.000000
66800,9,0.308990,36.000000
66900,14,0.331390,61.000000
67000,12,0.318426,38.000000
67100,12,0.329370,50.000000
67200,6,0.295297,24.000000
67300,13,0.325751,48.000000
67400,20,0.333063,87.000000
67500,5,0.287694,17.000000
67600,9,0.312361,31.000000
67700,14,0.324082,56.000000
67800,16,0.327560,60.000000
67900,19,0.335336,78.000000
68000,8,0.319427,38.000000
68100,19,0.333489,78.000000
68200,14,0.319987,43.000000
68300,19,0.332118,74.000000
68400,19,0.333232,76.000000
68500,7,0.308502,29.000000
68600,18,0.324089,68.000000
68700,3,0.258637,12.000000
68800,14,0.324717,53.000000
68900,6,0.297275,25.000000
69000,1,0.182952,6.000000
69100,13,0.323507,54.000000
69200,14,0.318758,52.000000
69300,3,0.262977,9.000000
69400,5,0.285438,19.000000
69500,19,0.337435,83.000000
69600,14,0.325665,59.000000
69700,6,0.301343,22.000000
69800,19,0.328563,68.000000
69900,10,0.314220,42.000000
70000,1,0.165653,2.000000
70100,1,0.165942,1.000000
70200,16,0.327679,65.000000
70300,10,0.315095,34.000000
70400,2,0.244092,8.000000
70500,10,0.315515,38.000000
70600,16,0.326247,64.000000
70700,11,0.323278,45.000000
70800,16,0.332831,66.000000
70900,17,0.332528,72.000000
71000,13,0.323201,53.000000
71100,7,0.305535,24.000000
71200,13,0.327388,53.000000
71300,15,0.324154,56.000000
71400,6,0.297285,22.000000
71500,4,0.278338,15.000000
71600,6,0.304163,25.000000
71700,5,0.290047,22.000000
71800,5,0.288623,21.000000
71900,1,0.154975,2.000000
72000,9,0.314628,41.000000
72100,7,0.297300,23.000000
72200,14,0.327748,55.000000
72300,1,0.174633,4.000000
72400,15,0.329774,67.000000
72500,16,0.327712,66.000000
72600,6,0.299940,26.000000
72700,10,0.318851,41.000000
72800,3,0.259213,9.000000
72900,10,0.324258,39.000000
73000,8,0.311548,33.000000
73100,13,0.333637,53.000000
73200,7,0.308010,29.000000
73300,9,0.316506,40.000000
73400,4,0.283571,17.000000
73500,4,0.275833,13.000000
73600,11,0.327050,50.000000
73700,9,0.314121,40.000000
73800,6,0.296982,25.000000
73900,8,0.313844,34.000000
74000,7,0.317234,31.000000
74100,5,0.288273,21.000000
74200,10,0.315394,39.000000
74300,6,0.309378,25.000000
74400,9,0.313938,39.000000
74500,1,0.183998,6.000000
74600,1,0.169687,3.000000
74700,18,0.335601,75.000000
74800,1,0.177200,4.000000
74900,6,0.297095,26.000000
75000,13,0.324286,51.000000
75100,10,0.319055,42.000000
75200,12,0.318525,44.000000
75300,8,0.307979,30.000000
75400,4,0.279897,19.000000
75500,17,0.328529,65.000000
75600,2,0.223610,6.000000
75700,6,0.300478,26.000000
75800,8,0.313573,36.000000
75900,1,0.171449,4.000000
76000,20,0.326796,70.000000
76100,1,0.180148,5.000000
76200,5,0.289154,19.000000
76300,18,0.329277,70.000000
76400,18,0.329549,74.000000
76500,16,0.331890,66.000000
76600,8,0.319240,38.000000
76700,3,0.262688,12.000000
76800,5,0.289679,21.000000
76900,7,0.294844,21.000000
77000,9,0.313341,35.000000
77100,15,0.326378,59.000000
77200,9,0.315566,40.000000
77300,19,0.328383,68.000000
77400,2,0.240590,11.000000
77500,8,0.309115,32.000000
77600,17,0.327657,65.000000
77700,12,0.315245,37.000000
77800,6,0.301085,26.000000
77900,8,0.311207,38.000000
78000,14,0.325741,61.000000
78100,13,0.315466,44.000000
78200,13,0.316115,43.000000
78300,1,0.173108,4.000000
78400,20,0.327230,74.000000
78500,17,0.327267,68.000000
78600,3,0.252851,12.000000
78700,19,0.466922,75.000000
78800,3,0.262129,12.000000
78900,1,0.192864,7.000000
79000,11,0.322462,46.000000
79100,18,0.327662,67.000000
79200,10,0.314182,34.000000
79300,11,0.322847,48.000000
79400,10,0.317432,39.000000
79500,6,0.290938,17.000000
79600,9,0.314046,41.000000
79700,3,0.262145,11.000000
79800,13,0.327107,60.000000
79900,13,0.321555,51.000000
80000,11,0.322989,44.000000
80100,17,0.326604,68.000000
80200,13,0.327119,61.000000
80300,2,0.241358,10.000000
80400,1,0.176452,4.000000
80500,19,0.329627,70.000000
80600,14,0.332283,65.000000
80700,11,0.317166,47.000000
80800,15,0.328851,59.000000
80900,11,0.323285,50.000000
81000,1,0.172175,4.000000
81100,15,0.330199,59.000000
81200,3,0.285602,13.000000
81300,17,0.322691,61.000000
81400,7,0.317613,35.000000
81500,2,0.232723,8.000000
81600,8,0.309319,32.000000
81700,16,0.326779,66.000000
81800,7,0.302361,26.000000
81900,6,0.297542,25.000000
82000,14,0.324327,58.000000
82100,20,0.335985,93.000000
82200,6,0.302744,23.000000
82300,14,0.328864,59.000000
82400,6,0.295468,25.000000
82500,1,0.173174,4.000000
82600,9,0.305045,30.000000
82700,10,0.305955,32.000000
82800,15,0.327129,63.000000
82900,13,0.327757,54.000000
83000,10,0.315631,39.000000
83100,12,0.327865,52.000000
83200,11,0.310934,41.000000
83300,14,0.326792,54.000000
83400,2,0.232741,9.000000
83500,7,0.297357,22.000000
83600,3,0.260781,12.000000
83700,14,0.330716,64.000000
83800,7,0.308966,30.000000
83900,20,0.327450,75.000000
84000,8,0.309375,35.000000
84100,3,0.259892,8.000000
84200,8,0.307203,30.000000
84300,1,0.169238,4.000000
84400,14,0.324148,53.000000
84500,20,0.334126,79.000000
84600,11,0.319686,42.000000
84700,7,0.302505,25.000000
84800,7,0.301756,29.000000
84900,15,0.335926,67.000000
85000,14,0.322572,57.000000
85100,20,0.332105,75.000000
85200,7,0.306920,31.000000
85300,2,0.245225,11.000000
85400,18,0.334402,81.000000
85500,11,0.316860,46.000000
85600,15,0.327936,60.000000
85700,12,0.316060,35.000000
85800,1,0.182932,4.000000
85900,1,0.184993,5.000000
86000,9,0.323135,41.000000
86100,5,0.287733,21.000000
86200,8,0.312803,39.000000
86300,11,0.316227,41.000000
86400,10,0.323288,48.000000
86500,16,0.326019,63.000000
86600,6,0.297940,21.000000
86700,17,0.323454,53.000000
86800,3,0.262568,13.000000
86900,10,0.319935,41.000000
87000,4,0.266880,16.000000
87100,19,0.328457,67.000000
87200,2,0.252078,13.000000
87300,11,0.316616,41.000000
87400,12,0.317802,48.000000
87500,3,0.258388,13.000000
87600,10,0.312093,31.000000
87700,16,0.330666,68.000000
87800,5,0.280231,16.000000
87900,7,0.299653,25.000000
88000,17,0.328166,67.000000
88100,18,0.332540,75.000000
88200,14,0.316613,48.000000
88300,6,0.298822,21.000000
88400,10,0.321921,38.000000
88500,18,0.334259,80.000000
88600,18,0.341675,65.000000
88700,7,0.302659,22.000000
88800,7,0.299571,22.000000
88900,2,0.235712,8.000000
89000,9,0.323206,44.000000
89100,3,0.266359,16.000000
89200,18,0.327953,65.000000
89300,20,0.331707,83.000000
89400,8,0.312243,31.000000
89500,14,0.328302,58.000000
89600,2,0.230348,7.000000
89700,5,0.291348,22.000000
89800,6,0.290579,20.000000
89900,19,0.328139,69.000000
90000,19,0.330748,76.000000
90100,16,0.324833,60.000000
90200,17,0.331282,71.000000
90300,10,0.312886,38.000000
90400,12,0.319451,51.000000
90500,15,0.325689,59.000000
90600,10,0.316476,44.000000
90700,18,0.331255,70.000000
90800,2,0.227060,6.000000
90900,17,0.325959,63.000000
91000,13,0.316381,44.000000
91100,2,0.232512,9.000000
91200,5,0.291259,19.000000
91300,10,0.318407,43.000000
91400,9,0.309421,32.000000
91500,15,0.325955,57.000000
91600,1,0.166584,4.000000
91700,10,0.315023,38.000000
91800,9,0.316158,36.000000
91900,15,0.329567,61.000000
92000,4,0.280943,16.000000
92100,18,0.332900,74.000000
92200,1,0.173483,4.000000
92300,11,0.320098,45.000000
92400,13,0.323079,55.000000
92500,17,0.328405,67.000000
92600,11,0.327767,42.000000
92700,10,0.314957,40.000000
92800,14,0.326088,49.000000
92900,2,0.238038,9.000000
93000,13,0.323210,52.000000
93100,19,0.337430,81.000000
93200,1,0.188391,6.000000
93300,5,0.290588,21.000000
93400,20,0.329332,73.000000
93500,17,0.328637,67.000000
93600,4,0.271824,11.000000
93700,4,0.276898,15.000000
93800,14,0.326790,59.000000
93900,6,0.294396,25.000000
94000,18,0.333188,79.000000
94100,7,0.300934,23.000000
94200,19,0.327177,62.000000
94300,13,0.322364,52.000000
94400,1,0.181133,5.000000
94500,17,0.335165,70.000000
94600,13,0.321740,51.000000
94700,2,0.236355,9.000000
94800,19,0.331592,73.000000
94900,11,0.330049,46.000000
95000,20,0.333775,87.000000
95100,18,0.323559,72.000000
95200,5,0.301678,21.000000
95300,2,0.227819,7.000000
95400,2,0.236061,9.000000
95500,9,0.311741,38.000000
95600,2,0.228815,8.000000
95700,19,0.331083,70.000000
95800,8,0.310546,31.000000
95900,3,0.265200,11.000000
96000,15,0.326216,59.000000
96100,5,0.285846,17.000000
96200,19,0.326874,61.000000
96300,8,0.314707,36.000000
96400,19,0.334927,81.000000
96500,18,0.322842,63.000000
96600,8,0.302602,29.000000
96700,4,0.272695,12.000000
96800,13,0.329287,60.000000
96900,4,0.295039,19.000000
97000,15,0.315022,55.000000
97100,13,0.326631,58.000000
97200,11,0.317149,45.000000
97300,7,0.304170,27.000000
97400,9,0.307346,25.000000
97500,17,0.333086,68.000000
97600,16,0.333888,73.000000
97700,17,0.331135,71.000000
97800,13,0.322960,56.000000
97900,13,0.323268,60.000000
98000,6,0.301987,25.000000
98100,1,0.181038,5.000000
98200,4,0.274664,15.000000
98300,12,0.314296,36.000000
98400,2,0.223350,8.000000
98500,15,0.328709,67.000000
98600,19,0.338088,85.000000
98700,18,0.329730,73.000000
98800,9,0.317037,39.000000
98900,2,0.237295,10.000000
99000,1,0.178578,4.000000
99100,7,0.302591,25.000000
99200,15,0.330214,64.000000
99300,12,0.318205,43.000000
99400,19,0.326810,64.000000
99500,19,0.328402,82.000000
99600,15,0.325605,60.000000
99700,4,0.287127,19.000000
99800,3,0.253967,9.000000
99900,7,0.299092,23.000000
100000,15,0.326635,59.000000
100100,14,0.330264,60.000000
100200,12,0.321264,50.000000
100300,15,0.330444,63.000000
100400,5,0.280013,14.000000
100500,3,0.265466,12.000000
100600,2,0.242421,11.000000
100700,18,0.333389,74.000000
100800,17,0.326738,67.000000
100900,8,0.314662,36.000000
101000,15,0.322231,56.000000
101100,5,0.278642,14.000000
101200,7,0.309714,33.000000
101300,2,0.224834,7.000000
101400,8,0.311314,34.000000
101500,6,0.288096,17.000000
101600,5,0.287748,18.000000
101700,3,0.264097,16.000000
101800,3,0.262045,14.000000
101900,5,0.284087,13.000000
102000,16,0.323957,68.000000
102100,6,0.296636,23.000000
102200,17,0.329034,63.000000
102300,18,0.329210,72.000000
102400,17,0.337106,74.000000
102500,20,0.330529,81.000000
102600,9,0.309282,32.000000
102700,3,0.248087,7.000000
102800,1,0.164237,2.000000
102900,20,0.326897,76.000000
103000,16,0.322340,52.000000
103100,18,0.330943,74.000000
103200,14,0.324103,47.000000
103300,17,0.336437,75.000000
103400,14,0.323860,55.000000
103500,19,0.323282,58.000000
103600,15,0.334610,61.000000
103700,13,0.317884,53.000000
103800,14,0.327654,62.000000
103900,14,0.333115,63.000000
104000,5,0.289398,21.000000
104100,18,0.332523,72.000000
104200,15,0.331957,62.000000
104300,6,0.298007,21.000000
104400,11,0.314903,36.000000
104500,10,0.316142,37.000000
104600,4,0.272719,11.000000
104700,16,0.334033,76.000000
104800,6,0.295356,21.000000
104900,16,0.320517,60.000000
105000,16,0.329323,70.000000
105100,11,0.317983,46.000000
105200,16,0.332592,72.000000
105300,19,0.334220,74.000000
105400,18,0.327168,70.000000
105500,6,0.299634,23.000000
105600,16,0.328538,68.000000
105700,11,0.319823,44.000000
105800,13,0.327821,47.000000
105900,18,0.324644,66.000000
106000,4,0.281841,17.000000
106100,5,0.288200,18.000000
106200,5,0.284672,17.000000
106300,11,0.330682,53.000000
106400,14,0.324409,57.000000
106500,10,0.310441,33.000000
106600,8,0.309820,30.000000
106700,10,0.321155,48.000000
106800,19,0.332283,82.000000
106900,3,0.253317,9.000000
107000,3,0.256175,9.000000
107100,10,0.317132,41.000000
107200,14,0.331460,62.000000
107300,16,0.330355,67.000000
107400,1,0.161515,2.000000
107500,13,0.319201,52.000000
107600,8,0.315622,32.000000
107700,15,0.328186,67.000000
107800,7,0.292811,21.000000
107900,4,0.278444,18.000000
108000,16,0.327989,69.000000
108100,19,0.331122,77.000000
108200,1,0.173633,3.000000
108300,2,0.234036,9.000000
108400,13,0.316873,41.000000
108500,18,0.333401,75.000000
108600,4,0.268281,12.000000
108700,20,0.330982,81.000000
108800,1,0.179690,4.000000
108900,20,0.331029,72.000000
109000,17,0.326909,65.000000
109100,7,0.307036,29.000000
109200,9,0.311741,39.000000
109300,5,0.292462,21.000000
109400,12,0.315383,40.000000
109500,6,0.299160,24.000000
109600,19,0.331177,76.000000
109700,13,0.323101,53.000000
109800,2,0.230662,8.000000
109900,2,0.244476,10.000000
110000,8,0.314847,37.000000
110100,9,0.317376,41.000000
110200,4,0.278101,15.000000
110300,10,0.323242,42.000000
110400,4,0.275920,14.000000
110500,19,0.332879,77.000000
110600,8,0.312047,37.000000
110700,9,0.316226,40.000000
110800,16,0.326779,63.000000
110900,16,0.323403,53.000000
111000,18,0.332281,80.000000
111100,18,0.336710,74.000000
111200,6,0.299492,23.000000
111300,12,0.328249,55.000000
111400,16,0.327792,59.000000
111500,8,0.307750,32.000000
111600,4,0.266233,13.000000
111700,13,0.324276,54.000000
111800,7,0.313275,33.000000
111900,5,0.293545,20.000000
112000,9,0.306742,30.000000
112100,17,0.329179,70.000000
112200,18,0.332597,76.000000
112300,10,0.311033,36.000000
112400,14,0.322640,50.000000
112500,12,0.318915,47.000000
112600,20,0.332319,83.000000
112700,7,0.303611,28.000000
112800,13,0.327972,50.000000
112900,4,0.286739,19.000000
113000,2,0.228839,8.000000
113100,6,0.293402,21.000000
113200,6,0.309728,26.000000
113300,15,0.330155,65.000000
113400,10,0.322909,44.000000
113500,11,0.323363,47.000000
113600,3,0.266844,13.000000
113700,15,0.325526,56.000000
113800,4,0.282487,16.000000
113900,3,0.265342,11.000000
114000,14,0.324249,54.000000
114100,20,0.337069,82.000000
114200,13,0.317969,47.000000
114300,18,0.330803,78.000000
114400,18,0.331750,76.000000
114500,10,0.314796,37.000000
114600,14,0.320899,50.000000
114700,11,0.318833,38.000000
114800,17,0.337111,70.000000
114900,20,0.329299,77.000000
115000,14,0.316584,48.000000
115100,8,0.306135,29.000000
115200,7,0.300174,30.000000
115300,12,0.323957,54.000000
115400,2,0.225672,6.000000
115500,17,0.333110,75.000000
115600,16,0.326329,65.000000
115700,2,0.221454,8.000000
115800,6,0.298315,22.000000
115900,5,0.291467,23.000000
116000,16,0.323822,61.000000
116100,15,0.325418,57.000000
116200,4,0.280125,16.000000
116300,6,0.301941,30.000000
116400,2,0.232625,7.000000
116500,17,0.326430,63.000000
116600,1,0.171040,4.000000
116700,7,0.301909,25.000000
116800,4,0.274163,18.000000
116900,3,0.263548,10.000000
117000,7,0.303486,30.000000
117100,1,0.184301,5.000000
117200,4,0.270259,13.000000
117300,3,0.261946,13.000000
117400,20,0.335791,89.000000
117500,13,0.321008,46.000000
117600,7,0.312248,31.000000
117700,5,0.294336,23.000000
117800,4,0.275233,15.000000
117900,2,0.238946,10.000000
118000,6,0.302776,18.000000
118100,16,0.324898,57.000000
118200,15,0.322404,51.000000
118300,10,0.321453,45.000000
118400,16,0.324351,58.000000
118500,13,0.331441,60.000000
118600,19,0.335462,89.000000
118700,12,0.319495,43.000000
118800,19,0.332915,80.000000
118900,17,0.329591,68.000000
119000,10,0.313841,37.000000
119100,9,0.302711,26.000000
119200,12,0.320435,46.000000
119300,14,0.328375,54.000000
119400,19,0.328034,66.000000
119500,2,0.238887,9.000000
119600,8,0.307769,32.000000
119700,20,0.330523,74.000000
119800,13,0.320167,46.000000
119900,10,0.319438,39.000000
120000,9,0.324058,41.000000
120100,11,0.315784,44.000000
120200,13,0.322184,54.000000
120300,3,0.252630,11.000000
120400,16,0.327831,69.000000
120500,17,0.336227,72.000000
120600,12,0.317091,45.000000
120700,12,0.322289,53.000000
120800,8,0.308699,33.000000
120900,14,0.331448,58.000000
121000,1,0.178667,4.000000
121100,2,0.229707,9.000000
121200,16,0.331267,61.000000
121300,2,0.236828,10.000000
121400,14,0.325289,56.000000
121500,6,0.292662,19.000000
121600,13,0.327103,56.000000
121700,14,0.326475,56.000000
121800,19,0.330766,76.000000
121900,11,0.317001,43.000000
122000,15,0.320794,52.000000
122100,17,0.329845,70.000000
122200,9,0.312374,34.000000
122300,18,0.337538,76.000000
122400,19,0.334450,79.000000
122500,12,0.323618,56.000000
122600,10,0.317164,43.000000
122700,16,0.322089,56.000000
122800,19,0.329691,76.000000
122900,10,0.320430,41.000000
123000,16,0.327787,54.000000
123100,4,0.276791,17.000000
123200,2,0.221384,5.000000
123300,11,0.315912,44.000000
123400,8,0.320469,39.000000
123500,8,0.313919,36.000000
123600,1,0.183209,7.000000
123700,17,0.336127,75.000000
123800,19,0.328350,80.000000
123900,19,0.328864,73.000000
124000,14,0.319643,44.000000
124100,19,0.331482,84.000000
124200,18,0.333157,74.000000
124300,10,0.318046,42.000000
124400,20,0.340991,87.000000
124500,18,0.328040,68.000000
124600,17,0.323631,61.000000
124700,17,0.331154,73.000000
124800,15,0.324029,58.000000
124900,14,0.321245,46.000000
125000,8,0.310402,32.000000
125100,10,0.317667,37.000000
125200,9,0.316858,43.000000
125300,15,0.327822,59.000000
125400,9,0.311693,34.000000
125500,14,0.328309,64.000000
125600,15,0.327725,58.000000
125700,2,0.232476,7.000000
125800,12,0.316507,41.000000
125900,3,0.258335,13.000000
126000,1,0.184709,5.000000
126100,11,0.325315,48.000000
126200,6,0.305836,30.000000
126300,20,0.332567,78.000000
126400,15,0.327643,66.000000
126500,5,0.290649,21.000000
126600,4,0.279152,14.000000
126700,13,0.320581,50.000000
126800,20,0.328912,76.000000
126900,1,0.189710,6.000000
127000,7,0.307034,33.000000
127100,17,0.325189,66.000000
127200,1,0.179248,6.000000
127300,1,0.172216,3.000000
127400,7,0.309287,27.000000
127500,19,0.330683,78.000000
127600,18,0.332433,77.000000
127700,20,0.337414,98.000000
127800,4,0.269009,12.000000
127900,6,0.293830,21.000000
128000,15,0.326396,57.000000
128100,20,0.331615,79.000000
128200,1,0.164458,2.000000
128300,20,0.333269,87.000000
128400,19,0.335265,75.000000
128500,7,0.293834,19.000000
128600,14,0.320614,49.000000
128700,6,0.299381,23.000000
128800,18,0.331948,75.000000
128900,2,0.235515,9.000000
129000,10,0.312255,38.000000
129100,15,0.324800,57.000000
129200,18,0.331516,76.000000
129300,1,0.161801,3.000000
129400,20,0.332308,86.000000
129500,16,0.324820,61.000000
129600,18,0.334372,82.000000
129700,5,0.287336,18.000000
129800,13,0.322867,49.000000
129900,6,0.295897,22.000000
130000,15,0.322814,56.000000
130100,10,0.314845,41.000000
130200,14,0.323295,50.000000
130300,20,0.328727,77.000000
130400,1,0.176762,5.000000
130500,7,0.307008,34.000000
130600,13,0.325815,54.000000
130700,4,0.303718,22.000000
130800,17,0.323699,55.000000
130900,9,0.313857,32.000000
131000,15,0.327929,70.000000
131100,7,0.299181,24.000000
131200,10,0.308083,34.000000
131300,16,0.330358,71.000000
131400,20,0.330229,82.000000
131500,19,0.333389,74.000000
131600,5,0.306485,24.000000
131700,6,0.308344,27.000000
131800,15,0.323434,50.000000
131900,9,0.310552,28.000000
132000,6,0.300618,26.000000
132100,12,0.327604,55.000000
132200,3,0.251260,9.000000
132300,1,0.180336,5.000000
132400,8,0.311517,33.000000
132500,19,0.335061,80.000000
132600,10,0.316939,40.000000
132700,2,0.241427,9.000000
132800,15,0.333611,76.000000
132900,6,0.301797,23.000000
133000,2,0.222248,5.000000
133100,11,0.320746,48.000000
133200,1,0.181619,7.000000
133300,17,0.328659,76.000000
133400,11,0.318909,40.000000
133500,16,0.324983,72.000000
133600,20,0.332334,88.000000
133700,4,0.280686,15.000000
133800,2,0.233962,9.000000
133900,12,0.316765,41.000000
134000,11,0.312150,38.000000
134100,10,0.309267,30.000000
134200,18,0.336548,78.000000
134300,3,0.273402,14.000000
134400,6,0.298616,25.000000
134500,12,0.323360,51.000000
134600,12,0.319516,45.000000
134700,17,0.328001,68.000000
134800,4,0.277216,18.000000
134900,6,0.295287,28.000000
135000,14,0.321938,54.000000
135100,6,0.299525,29.000000
135200,2,0.225844,7.000000
135300,17,0.329826,67.000000
135400,8,0.308488,33.000000
135500,8,0.313464,34.000000
135600,19,0.335534,78.000000
135700,20,0.334408,84.000000
135800,10,0.312739,35.000000
135900,11,0.316482,42.000000
136000,20,0.331067,78.000000
136100,19,0.329056,68.000000
136200,5,0.285944,17.000000
136300,13,0.332558,58.000000
136400,15,0.325816,59.000000
136500,8,0.310587,37.000000
136600,19,0.332563,75.000000
136700,2,0.236467,8.000000
136800,14,0.328948,59.000000
136900,10,0.319498,41.000000
137000,15,0.325330,57.000000
137100,16,0.323748,60.000000
137200,12,0.323975,44.000000
137300,1,0.188715,7.000000
137400,20,0.327537,70.000000
137500,14,0.326931,54.000000
137600,19,0.330455,71.000000
137700,9,0.315741,41.000000
137800,15,0.332368,63.000000
137900,7,0.303784,30.000000
138000,4,0.285558,17.000000
138100,17,0.329615,72.000000
138200,9,0.315059,36.000000
138300,10,0.316519,37.000000
138400,5,0.291456,19.000000
138500,11,0.311635,35.000000
138600,13,0.321060,50.000000
138700,12,0.323050,51.000000
138800,16,0.329587,64.000000
138900,7,0.304375,28.000000
139000,9,0.306510,28.000000
139100,1,0.179278,4.000000
139200,6,0.303983,28.000000
139300,6,0.300202,27.000000
139400,13,0.333002,59.000000
139500,19,0.328071,68.000000
139600,11,0.318124,43.000000
139700,16,0.329376,73.000000
139800,14,0.323109,56.000000
139900,16,0.328462,66.000000
140000,14,0.330806,67.000000
140100,8,0.310413,38.000000
140200,9,0.310921,34.000000
140300,18,0.333223,78.000000
140400,8,0.315288,37.000000
140500,17,0.326558,62.000000
140600,19,0.324233,70.000000
140700,12,0.326524,49.000000
140800,18,0.332674,77.000000
140900,6,0.307097,27.000000
141000,18,0.331874,78.000000
141100,8,0.313019,38.000000
141200,5,0.282323,17.000000
141300,13,0.323945,57.000000
141400,12,0.324511,50.000000
141500,18,0.329200,71.000000
141600,17,0.327868,63.000000
141700,11,0.321996,46.000000
141800,11,0.321601,43.000000
141900,6,0.302848,26.000000
142000,5,0.292204,24.000000
142100,11,0.322214,48.000000
142200,8,0.303651,28.000000
142300,4,0.268058,14.000000
142400,8,0.310818,32.000000
142500,11,0.316719,41.000000
142600,12,0.325025,54.000000
142700,3,0.261794,13.000000
142800,19,0.332592,76.000000
142900,18,0.326410,75.000000
143000,20,0.329145,72.000000
143100,15,0.328493,62.000000
143200,13,0.325091,54.000000
143300,18,0.330574,79.000000
143400,6,0.296296,23.000000
143500,8,0.319920,39.000000
143600,7,0.303507,25.000000
143700,17,0.325404,63.000000
143800,14,0.325825,60.000000
143900,18,0.320032,58.000000
144000,12,0.315411,44.000000
144100,9,0.317792,41.000000
144200,6,0.293582,17.000000
144300,18,0.327011,70.000000
144400,20,0.329762,77.000000
144500,3,0.266872,15.000000
144600,2,0.230778,7.000000
144700,7,0.301968,27.000000
144800,12,0.321529,53.000000
144900,17,0.331455,73.000000
145000,5,0.289659,21.000000
145100,18,0.332867,75.000000
145200,9,0.310277,29.000000
145300,12,0.327120,50.000000
145400,9,0.327354,44.000000
145500,11,0.313495,39.000000
145600,10,0.320526,39.000000
145700,20,0.332180,80.000000
145800,13,0.322735,53.000000
145900,15,0.326647,59.000000
146000,2,0.234576,10.000000
146100,11,0.323723,47.000000
146200,12,0.320637,49.000000
146300,12,0.315693,48.000000
146400,1,0.167359,3.000000
146500,15,0.322244,57.000000
146600,6,0.302525,25.000000
146700,3,0.261292,12.000000
146800,12,0.316472,37.000000
146900,15,0.326469,60.000000
147000,8,0.306938,28.000000
147100,17,0.336683,78.000000
147200,11,0.319449,40.000000
147300,16,0.329528,67.000000
147400,14,0.315969,51.000000
147500,19,0.326262,67.000000
147600,20,0.330176,74.000000
147700,1,0.175688,4.000000
147800,1,0.176871,4.000000
147900,14,0.326418,55.000000
148000,8,0.307482,35.000000
148100,11,0.322952,48.000000
148200,5,0.292142,21.000000
148300,13,0.325519,49.000000
148400,6,0.290349,18.000000
148500,6,0.295942,23.000000
148600,7,0.304128,29.000000
148700,4,0.285524,17.000000
148800,6,0.303351,25.000000
148900,9,0.317016,39.000000
149000,17,0.327886,62.000000
149100,10,0.327261,42.000000
149200,8,0.306547,27.000000
149300,14,0.324584,56.000000
149400,3,0.256196,11.000000
149500,16,0.330970,65.000000
149600,6,0.303777,28.000000
149700,4,0.282591,19.000000
149800,10,0.318026,39.000000
149900,11,0.316630,45.000000
150000,7,0.304807,27.000000
150100,9,0.311578,32.000000
150200,14,0.310950,46.000000
150300,20,0.329026,74.000000
150400,4,0.274697,15.000000
150500,9,0.314545,35.000000
150600,2,0.223040,5.000000
150700,19,0.330196,77.000000
150800,12,0.322333,48.000000
150900,14,0.329835,70.000000
151000,7,0.301632,24.000000
151100,7,0.305331,26.000000
151200,13,0.318425,41.000000
151300,9,0.313621,35.000000
151400,17,0.332893,73.000000
151500,11,0.324357,45.000000
151600,13,0.327643,53.000000
151700,16,0.330688,69.000000
151800,13,0.327722,57.000000
151900,12,0.324818,49.000000
152000,17,0.326590,66.000000
152100,17,0.332265,70.000000
152200,8,0.308804,31.000000
152300,16,0.328595,61.000000
152400,3,0.264978,13.000000
152500,3,0.243787,8.000000
152600,18,0.331050,71.000000
152700,16,0.326326,62.000000
152800,10,0.326861,42.000000
152900,9,0.319438,39.000000
153000,11,0.326941,46.000000
153100,8,0.304872,28.000000
153200,5,0.297805,22.000000
153300,4,0.290627,19.000000
153400,8,0.306678,33.000000
153500,5,0.287668,18.000000
153600,20,0.330346,74.000000
153700,20,0.325989,71.000000
153800,10,0.313017,36.000000
153900,11,0.316392,41.000000
154000,2,0.229085,8.000000
154100,18,0.334262,84.000000
154200,18,0.329637,60.000000
154300,4,0.273964,14.000000
154400,9,0.310661,30.000000
154500,19,0.339176,91.000000
154600,7,0.306319,29.000000
154700,5,0.300635,20.000000
154800,4,0.276977,14.000000
154900,12,0.321091,49.000000
155000,14,0.325607,60.000000
155100,12,0.324475,51.000000
155200,1,0.161300,2.000000
155300,11,0.320314,43.000000
155400,3,0.257410,11.000000
155500,13,0.317410,48.000000
155600,1,0.174165,4.000000
155700,13,0.326436,63.000000
155800,7,0.296790,20.000000
155900,6,0.291342,20.000000
156000,9,0.317992,35.000000
156100,9,0.317828,40.000000
156200,16,0.326859,65.000000
156300,18,0.331713,68.000000
156400,18,0.330141,73.000000
156500,8,0.318965,38.000000
156600,19,0.331059,70.000000
156700,1,0.163141,3.000000
156800,11,0.315566,40.000000
156900,20,0.329818,78.000000
157000,1,0.173475,3.000000
157100,4,0.260662,12.000000
157200,5,0.297629,21.000000
157300,14,0.332968,62.000000
157400,18,0.328641,74.000000
157500,3,0.269460,14.000000
157600,3,0.266510,11.000000
157700,5,0.300280,23.000000
157800,17,0.329582,63.000000
157900,6,0.367822,30.000000
158000,10,0.319079,41.000000
158100,6,0.293899,22.000000
158200,14,0.311201,43.000000
158300,13,0.326123,58.000000
158400,6,0.292522,22.000000
158500,10,0.313051,39.000000
158600,5,0.294138,23.000000
158700,4,0.277265,15.000000
158800,4,0.273136,15.000000
158900,4,0.278584,15.000000
159000,13,0.316195,44.000000
159100,16,0.337175,70.000000
159200,19,0.328249,72.000000
159300,11,0.314706,36.000000
159400,1,0.180156,6.000000
159500,16,0.323852,64.000000
159600,6,0.295072,24.000000
159700,7,0.304248,26.000000
159800,18,0.329408,79.000000
159900,7,0.305738,28.000000
160000,10,0.317937,43.000000
160100,20,0.331551,79.000000
160200,1,0.180834,5.000000
160300,14,0.327665,60.000000
160400,4,0.277219,15.000000
160500,3,0.261006,13.000000
160600,8,0.308081,29.000000
160700,3,0.253456,9.000000
160800,12,0.322112,46.000000
160900,3,0.260251,12.000000
161000,17,0.330431,68.000000
161100,3,0.264929,15.000000
161200,8,0.320621,34.000000
161300,2,0.236005,10.000000
161400,8,0.307049,32.000000
161500,16,0.333857,69.000000
161600,15,0.327439,64.000000
161700,15,0.324690,53.000000
161800,11,0.315205,40.000000
161900,12,0.324927,57.000000
162000,13,0.325607,53.000000
162100,1,0.164599,3.000000
162200,20,0.335187,84.000000
162300,12,0.323785,44.000000
162400,11,0.320892,45.000000
162500,4,0.286701,20.000000
162600,15,0.323732,53.000000
162700,13,0.325469,53.000000
162800,7,0.307482,33.000000
162900,17,0.329376,67.000000
163000,9,0.310169,33.000000
163100,10,0.313279,34.000000
163200,6,0.296505,24.000000
163300,7,0.297875,26.000000
163400,16,0.323705,55.000000
163500,4,0.289601,19.000000
163600,2,0.242914,8.000000
163700,3,0.264484,14.000000
163800,9,0.321892,37.000000
163900,3,0.262254,13.000000
164000,18,0.330494,73.000000
164100,13,0.322129,48.000000
164200,2,0.237995,9.000000
164300,5,0.285871,17.000000
164400,15,0.331510,62.000000
164500,9,0.309868,34.000000
164600,8,0.316017,35.000000
164700,16,0.332303,68.000000
164800,3,0.267535,13.000000
164900,15,0.321541,55.000000
165000,12,0.319905,45.000000
165100,10,0.322497,46.000000
165200,8,0.303391,26.000000
165300,15,0.328788,67.000000
165400,16,0.327090,65.000000
165500,19,0.330506,66.000000
165600,4,0.283268,17.000000
165700,10,0.312681,31.000000
165800,8,0.308242,27.000000
165900,18,0.327017,67.000000
166000,4,0.286477,17.000000
166100,12,0.319290,41.000000
166200,8,0.311352,39.000000
166300,3,0.259633,10.000000
166400,16,0.326965,63.000000
166500,19,0.327867,69.000000
166600,2,0.233290,7.000000
166700,16,0.325331,59.000000
166800,11,0.327078,53.000000
166900,20,0.335005,78.000000
167000,7,0.309116,32.000000
167100,16,0.339047,73.000000
167200,4,0.279729,16.000000
167300,3,0.255595,9.000000
167400,11,0.320409,46.000000
167500,18,0.328838,71.000000
167600,1,0.166046,4.000000
167700,8,0.318362,40.000000
167800,2,0.221331,5.000000
167900,12,0.319510,47.000000
168000,1,0.174218,4.000000
168100,19,0.325292,73.000000
168200,9,0.311210,33.000000
168300,12,0.319582,46.000000
168400,9,0.314454,38.000000
168500,13,0.321747,49.000000
168600,8,0.311905,35.000000
168700,10,0.313403,36.000000
168800,3,0.260819,12.000000
168900,3,0.256810,12.000000
169000,7,0.308188,30.000000
169100,6,0.305193,28.000000
169200,17,0.332568,76.000000
169300,11,0.314564,41.000000
169400,16,0.328661,68.000000
169500,16,0.328036,66.000000
169600,3,0.252748,10.000000
169700,19,0.329714,74.000000
169800,15,0.328261,58.000000
169900,15,0.316316,46.000000
170000,3,0.287690,15.000000
170100,19,0.331207,75.000000
170200,2,0.224798,6.000000
170300,16,0.335385,78.000000
170400,13,0.325232,55.000000
170500,16,0.326023,62.000000
170600,12,0.312261,46.000000
170700,1,0.169448,4.000000
170800,9,0.316979,39.000000
170900,18,0.330488,77.000000
171000,3,0.269415,10.000000
171100,12,0.320713,50.000000
171200,9,0.322261,40.000000
171300,12,0.317557,46.000000
171400,17,0.328929,66.000000
171500,15,0.325722,61.000000
171600,17,0.331563,76.000000
171700,7,0.303299,26.000000
171800,11,0.319507,40.000000
171900,9,0.313873,37.000000
172000,1,0.180560,4.000000
172100,10,0.317678,38.000000
172200,16,0.325058,59.000000
172300,13,0.320485,48.000000
172400,12,0.324619,47.000000
172500,6,0.301111,22.000000
172600,6,0.294778,21.000000
172700,3,0.259868,13.000000
172800,1,0.173254,4.000000
172900,1,0.162326,1.000000
173000,2,0.220828,5.000000
173100,5,0.293132,20.000000
173200,6,0.297955,23.000000
173300,8,0.312569,33.000000
173400,3,0.261578,13.000000
173500,17,0.323364,67.000000
173600,19,0.328359,69.000000
173700,14,0.321047,48.000000
173800,7,0.304259,28.000000
173900,8,0.303070,29.000000
174000,10,0.317395,42.000000
174100,8,0.310849,32.000000
174200,3,0.263641,15.000000
174300,13,0.323553,54.000000
174400,19,0.332442,85.000000
174500,2,0.239156,9.000000
174600,8,0.311119,32.000000
174700,5,0.281005,12.000000
174800,3,0.263013,13.000000
174900,17,0.328303,69.000000
175000,3,0.257878,10.000000
175100,14,0.326732,60.000000
175200,3,0.263934,10.000000
175300,15,0.325205,58.000000
175400,8,0.306986,32.000000
175500,5,0.293653,21.000000
175600,1,0.163868,3.000000
175700,19,0.333354,78.000000
175800,13,0.324792,54.000000
175900,17,0.324410,59.000000
176000,7,0.309343,34.000000
176100,2,0.236917,11.000000
176200,12,0.327585,56.000000
176300,11,0.331016,50.000000
176400,7,0.312648,34.000000
176500,3,0.261149,11.000000
176600,7,0.303233,27.000000
176700,16,0.334248,70.000000
176800,7,0.317120,32.000000
176900,18,0.326000,66.000000
177000,6,0.293764,22.000000
177100,3,0.273769,15.000000
177200,2,0.216664,5.000000
177300,17,0.328210,70.000000
177400,6,0.297138,23.000000
177500,10,0.316251,44.000000
177600,7,0.301568,23.000000
177700,4,0.274323,14.000000
177800,2,0.241870,10.000000
177900,14,0.330410,64.000000
178000,7,0.307359,29.000000
178100,11,0.327254,51.000000
178200,13,0.321093,52.000000
178300,20,0.333528,82.000000
178400,10,0.313375,40.000000
178500,8,0.310406,30.000000
178600,13,0.323675,58.000000
178700,8,0.317821,37.000000
178800,18,0.330433,73.000000
178900,6,0.301409,26.000000
179000,2,0.222792,6.000000
179100,10,0.314405,37.000000
179200,13,0.337983,52.000000
179300,8,0.314883,35.000000
179400,19,0.326623,71.000000
179500,1,0.166796,3.000000
179600,6,0.295932,24.000000
179700,1,0.153727,2.000000
179800,18,0.334509,76.000000
179900,16,0.324266,56.000000
180000,5,0.284254,14.000000
180100,2,0.219769,6.000000
180200,9,0.314140,34.000000
180300,7,0.301606,28.000000
180400,8,0.312880,30.000000
180500,3,0.255100,12.000000
180600,19,0.336122,79.000000
180700,16,0.335106,70.000000
180800,7,0.302419,24.000000
180900,19,0.331404,77.000000
181000,3,0.237539,11.000000
181100,18,0.329769,69.000000
181200,17,0.336917,77.000000
181300,4,0.274805,14.000000
181400,20,0.328130,70.000000
181500,1,0.161020,2.000000
181600,15,0.327225,59.000000
181700,15,0.325125,62.000000
181800,14,0.327825,58.000000
181900,12,0.317099,44.000000
182000,5,0.284251,19.000000
182100,5,0.290908,19.000000
182200,10,0.321184,40.000000
182300,19,0.334859,80.000000
182400,19,0.330010,72.000000
182500,14,0.325527,55.000000
182600,8,0.298951,25.000000
182700,6,0.301953,27.000000
182800,6,0.287273,23.000000
182900,9,0.310924,35.000000
183000,12,0.318786,46.000000
183100,9,0.295915,29.000000
183200,17,0.339799,76.000000
183300,8,0.300881,28.000000
183400,8,0.310749,33.000000
183500,8,0.311525,31.000000
183600,14,0.324062,54.000000
183700,16,0.327108,54.000000
183800,13,0.325578,54.000000
183900,5,0.284278,19.000000
184000,14,0.320043,52.000000
184100,2,0.240828,4.000000
184200,17,0.328737,69.000000
184300,8,0.308349,32.000000
184400,7,0.297802,22.000000
184500,18,0.333115,82.000000
184600,13,0.309867,41.000000
184700,19,0.334979,70.000000
184800,14,0.333133,62.000000
184900,7,0.305134,28.000000
185000,13,0.325486,50.000000
185100,11,0.317576,41.000000
185200,5,0.303569,22.000000
185300,8,0.308330,30.000000
185400,5,0.297338,25.000000
185500,13,0.318479,43.000000
185600,9,0.313526,32.000000
185700,18,0.328194,71.000000
185800,8,0.312646,37.000000
185900,10,0.318203,36.000000
186000,15,0.333875,67.000000
186100,6,0.306313,26.000000
186200,18,0.328484,70.000000
186300,12,0.319322,45.000000
186400,1,0.166509,3.000000
186500,3,0.274155,16.000000
186600,3,0.251434,10.000000
186700,16,0.330033,63.000000
186800,13,0.314269,39.000000
186900,18,0.322171,55.000000
187000,4,0.269623,16.000000
187100,8,0.309824,32.000000
187200,6,0.289236,20.000000
187300,2,0.214138,7.000000
187400,3,0.264248,13.000000
187500,17,0.325716,60.000000
187600,17,0.332129,69.000000
187700,11,0.321350,48.000000
187800,7,0.302455,23.000000
187900,12,0.312363,39.000000
188000,8,0.306228,29.000000
188100,17,0.331088,67.000000
188200,7,0.302260,32.000000
188300,5,0.289626,20.000000
188400,9,0.308673,30.000000
188500,4,0.272207,12.000000
188600,16,0.326419,65.000000
188700,5,0.287134,17.000000
188800,19,0.330191,71.000000
188900,6,0.297504,27.000000
189000,1,0.169715,4.000000
189100,9,0.317064,37.000000
189200,17,0.329551,58.000000
189300,2,0.251382,8.000000
189400,15,0.322019,57.000000
189500,18,0.320217,62.000000
189600,2,0.234853,8.000000
189700,14,0.320323,50.000000
189800,7,0.301132,21.000000
189900,12,0.323687,55.000000
190000,8,0.312547,30.000000
190100,9,0.310276,32.000000
190200,9,0.301362,28.000000
190300,15,0.324780,58.000000
190400,17,0.325645,62.000000
190500,4,0.281193,17.000000
190600,18,0.323038,57.000000
190700,11,0.322370,46.000000
190800,18,0.334062,82.000000
190900,19,0.328492,73.000000
191000,6,0.298247,20.000000
191100,1,0.163507,3.000000
191200,12,0.312273,41.000000
191300,3,0.238912,9.000000
191400,16,0.321734,55.000000
191500,3,0.264009,12.000000
191600,7,0.297544,25.000000
191700,10,0.309690,30.000000
191800,14,0.322777,52.000000
191900,13,0.314683,46.000000
192000,14,0.319630,55.000000
192100,11,0.311765,38.000000
192200,6,0.293963,19.000000
192300,1,0.161497,3.000000
192400,20,0.334148,89.000000
192500,14,0.312138,49.000000
192600,20,0.319453,66.000000
192700,13,0.313593,42.000000
192800,14,0.298502,37.000000
192900,2,0.220930,7.000000
193000,11,0.262368,27.000000
193100,9,0.296335,30.000000
193200,16,0.291228,42.000000
193300,17,0.308025,55.000000
193400,14,0.266507,33.000000
193500,14,0.282083,37.000000
193600,13,0.284788,38.000000
193700,20,0.264005,43.000000
193800,1,0.119506,2.000000
193900,15,0.239035,30.000000
194000,7,0.211371,11.000000
194100,4,0.162472,6.000000
194200,16,0.204578,24.000000
194300,8,0.164173,8.000000
194400,20,0.187841,27.000000
194500,18,0.149100,18.000000
194600,13,0.140364,12.000000
194700,8,0.141732,8.000000
194800,7,0.145464,6.000000
194900,9,0.075640,2.000000
195000,3,0.070510,1.000000
195100,12,0.114013,10.000000
195200,11,0.078851,5.000000
195300,17,0.088391,8.000000
195400,2,0.027602,0.000000
195500,7,0.049409,1.000000
195600,7,0.045229,1.000000
195700,2,0.024133,0.000000
195800,10,0.050441,2.000000
195900,15,0.068892,6.000000
196000,10,0.041606,2.000000
196100,19,0.033935,3.000000
196200,18,0.040645,4.000000
196300,17,0.029739,1.000000
196400,15,0.023086,0.000000
196500,12,0.056584,3.000000
196600,13,0.014866,0.000000
196700,4,0.005695,0.000000
196800,18,0.018428,0.000000
196900,17,0.020145,1.000000
197000,17,0.011672,0.000000
197100,13,0.012388,0.000000
197200,3,0.004522,0.000000
197300,17,0.009304,0.000000
197400,4,0.005060,0.000000
197500,4,0.006145,0.000000
197600,10,0.006683,0.000000
197700,3,0.005966,0.000000
197800,5,0.014160,1.000000
197900,5,0.001731,0.000000
198000,9,0.001138,0.000000
198100,17,0.001555,0.000000
198200,20,0.001280,0.000000
198300,10,0.001000,0.000000
198400,17,0.000992,0.000000
198500,18,0.000764,0.000000
198600,4,0.000789,0.000000
198700,20,0.000747,0.000000
198800,2,0.000312,0.000000
198900,10,0.001535,0.000000
199000,12,0.000490,0.000000
199100,1,0.000257,0.000000
199200,20,0.001950,0.000000
199300,4,0.000246,0.000000
199400,1,0.000193,0.000000
199500,3,0.000201,0.000000
199600,15,0.000288,0.000000
199700,15,0.000302,0.000000
199800,5,0.000304,0.000000
199900,15,0.000327,0.000000
200000,2,0.000155,0.000000
200100,2,0.000130,0.000000
200200,11,0.000181,0.000000
200300,17,0.000181,0.000000
200400,18,0.000177,0.000000
200500,5,0.000109,0.000000
200600,19,0.000198,0.000000
200700,8,0.000201,0.000000
200800,4,0.000157,0.000000
200900,16,0.000151,0.000000
201000,14,0.000131,0.000000
201100,13,0.000122,0.000000
201200,12,0.000119,0.000000
201300,19,0.000119,0.000000
201400,10,0.000224,0.000000
201500,9,0.000169,0.000000
201600,5,0.000230,0.000000
201700,13,0.000141,0.000000
201800,20,0.000128,0.000000
201900,10,0.000127,0.000000
202000,9,0.000131,0.000000
202100,14,0.000116,0.000000
202200,11,0.000108,0.000000
202300,5,0.000155,0.000000
202400,8,0.000092,0.000000
202500,5,0.000100,0.000000
202600,16,0.000108,0.000000
202700,4,0.000051,0.000000
202800,19,0.000117,0.000000
202900,17,0.000092,0.000000
203000,12,0.000073,0.000000
203100,17,0.000085,0.000000
203200,20,0.000083,0.000000
203300,20,0.000088,0.000000
203400,2,0.000044,0.000000
203500,8,0.000063,0.000000
203600,17,0.000071,0.000000
203700,4,0.000081,0.000000
203800,16,0.000075,0.000000
203900,15,0.000078,0.000000
204000,3,0.000094,0.000000
204100,11,0.000077,0.000000
204200,19,0.000072,0.000000
204300,20,0.000076,0.000000
204400,1,0.000034,0.000000
204500,9,0.000065,0.000000
204600,10,0.000091,0.000000
204700,6,0.000058,0.000000
204800,10,0.000068,0.000000
204900,13,0.000064,0.000000
205000,20,0.000092,0.000000
205100,9,0.000053,0.000000
205200,5,0.000091,0.000000
205300,1,0.000036,0.000000
205400,14,0.000066,0.000000
205500,8,0.000052,0.000000
205600,9,0.000070,0.000000
205700,12,0.000058,0.000000
205800,4,0.000056,0.000000
205900,18,0.000104,0.000000
206000,2,0.000040,0.000000
206100,6,0.000047,0.000000
206200,4,0.000044,0.000000
206300,17,0.000059,0.000000
206400,4,0.000068,0.000000
206500,8,0.000048,0.000000
206600,1,0.000033,0.000000
206700,1,0.000019,0.000000
206800,17,0.000044,0.000000
206900,1,0.000018,0.000000
207000,6,0.000050,0.000000
207100,4,0.000054,0.000000
207200,11,0.000045,0.000000
207300,3,0.000026,0.000000
207400,3,0.000042,0.000000
207500,7,0.000056,0.000000
207600,8,0.000050,0.000000
207700,9,0.000043,0.000000
207800,10,0.000058,0.000000
207900,9,0.000050,0.000000
208000,20,0.000049,0.000000
208100,6,0.000038,0.000000
208200,9,0.000039,0.000000
208300,16,0.000043,0.000000
208400,17,0.000040,0.000000
208500,17,0.000043,0.000000
208600,5,0.000033,0.000000
208700,5,0.000034,0.000000
208800,17,0.000042,0.000000
208900,8,0.000034,0.000000
209000,15,0.000050,0.000000
209100,16,0.000038,0.000000
209200,7,0.000044,0.000000
209300,3,0.000035,0.000000
209400,20,0.000044,0.000000
209500,1,0.000020,0.000000
209600,7,0.000031,0.000000
209700,17,0.000057,0.000000
209800,9,0.000042,0.000000
209900,5,0.000034,0.000000
210000,18,0.000039,0.000000
210100,14,0.000041,0.000000
210200,18,0.000035,0.000000
210300,8,0.000038,0.000000
210400,10,0.000037,0.000000
210500,16,0.000036,0.000000
210600,8,0.000042,0.000000
210700,6,0.000033,0.000000
210800,20,0.000037,0.000000
210900,2,0.000022,0.000000
211000,8,0.000031,0.000000
211100,19,0.000049,0.000000
211200,13,0.000030,0.000000
211300,4,0.000024,0.000000
211400,14,0.000037,0.000000
211500,18,0.000031,0.000000
211600,14,0.000037,0.000000
211700,8,0.000030,0.000000
211800,6,0.000027,0.000000
211900,8,0.000036,0.000000
212000,5,0.000022,0.000000
212100,5,0.000032,0.000000
212200,8,0.000032,0.000000
212300,15,0.000035,0.000000
212400,2,0.000029,0.000000
212500,11,0.000027,0.000000
212600,10,0.000027,0.000000
212700,15,0.000035,0.000000
212800,3,0.000013,0.000000
212900,17,0.000032,0.000000
213000,2,0.000028,0.000000
213100,7,0.000032,0.000000
213200,6,0.000027,0.000000
213300,12,0.000031,0.000000
213400,6,0.000027,0.000000
213500,7,0.000026,0.000000
213600,5,0.000028,0.000000
213700,13,0.000029,0.000000
213800,1,0.000013,0.000000
213900,13,0.000026,0.000000
214000,18,0.000027,0.000000
214100,4,0.000027,0.000000
214200,12,0.000024,0.000000
214300,1,0.000011,0.000000
214400,7,0.000026,0.000000
214500,1,0.000011,0.000000
214600,9,0.000034,0.000000
214700,6,0.000023,0.000000
214800,16,0.000027,0.000000
214900,6,0.000029,0.000000
215000,14,0.000028,0.000000
215100,19,0.000031,0.000000
215200,1,0.000021,0.000000
215300,19,0.000030,0.000000
215400,15,0.000023,0.000000
215500,2,0.000019,0.000000
215600,14,0.000026,0.000000
215700,12,0.000019,0.000000
215800,15,0.000029,0.000000
215900,14,0.000025,0.000000
216000,9,0.000020,0.000000
216100,9,0.000027,0.000000
216200,14,0.000025,0.000000
216300,5,0.000015,0.000000
216400,8,0.000023,0.000000
216500,6,0.000022,0.000000
216600,10,0.000023,0.000000
216700,13,0.000025,0.000000
216800,14,0.000028,0.000000
216900,7,0.000020,0.000000
217000,11,0.000023,0.000000
217100,12,0.000024,0.000000
217200,4,0.000019,0.000000
217300,7,0.000028,0.000000
217400,3,0.000018,0.000000
217500,19,0.000023,0.000000
217600,6,0.000024,0.000000
217700,3,0.000016,0.000000
217800,16,0.000025,0.000000
217900,13,0.000023,0.000000
218000,19,0.000026,0.000000
218100,13,0.000025,0.000000
218200,15,0.000024,0.000000
218300,14,0.000021,0.000000
218400,1,0.000010,0.000000
218500,11,0.000021,0.000000
218600,11,0.000021,0.000000
218700,14,0.000020,0.000000
218800,18,0.000023,0.000000
218900,13,0.000023,0.000000
219000,18,0.000021,0.000000
219100,8,0.000022,0.000000
219200,16,0.000025,0.000000
219300,19,0.000021,0.000000
219400,2,0.000020,0.000000
219500,18,0.000025,0.000000
219600,17,0.000021,0.000000
219700,15,0.000022,0.000000
219800,14,0.000018,0.000000
219900,4,0.000039,0.000000
220000,8,0.000024,0.000000
220100,20,0.000020,0.000000
220200,19,0.000021,0.000000
220300,20,0.000022,0.000000
220400,12,0.000022,0.000000
220500,1,0.000011,0.000000
220600,5,0.000011,0.000000
220700,10,0.000019,0.000000
220800,8,0.000021,0.000000
220900,1,0.000009,0.000000
221000,19,0.000024,0.000000
221100,2,0.000021,0.000000
221200,4,0.000014,0.000000
221300,3,0.000016,0.000000
221400,3,0.000016,0.000000
221500,5,0.000014,0.000000
221600,17,0.000021,0.000000
221700,7,0.000018,0.000000
221800,6,0.000016,0.000000
221900,11,0.000019,0.000000
222000,6,0.000015,0.000000
222100,10,0.000020,0.000000
222200,15,0.000022,0.000000
222300,5,0.000017,0.000000
222400,19,0.000017,0.000000
222500,19,0.000018,0.000000
222600,8,0.000016,0.000000
222700,16,0.000018,0.000000
222800,6,0.000019,0.000000
222900,9,0.000022,0.000000
223000,19,0.000020,0.000000
223100,7,0.000013,0.000000
223200,14,0.000017,0.000000
223300,6,0.000013,0.000000
223400,20,0.000019,0.000000
223500,20,0.000019,0.000000
223600,20,0.000019,0.000000
223700,3,0.000013,0.000000
223800,4,0.000014,0.000000
223900,10,0.000017,0.000000
224000,8,0.000015,0.000000
224100,17,0.000016,0.000000
224200,10,0.000018,0.000000
224300,17,0.000019,0.000000
224400,12,0.000016,0.000000
224500,6,0.000015,0.000000
224600,16,0.000018,0.000000
224700,13,0.000018,0.000000
224800,14,0.000018,0.000000
224900,19,0.000017,0.000000
225000,7,0.000017,0.000000
225100,17,0.000019,0.000000
225200,13,0.000018,0.000000
225300,9,0.000013,0.000000
225400,3,0.000012,0.000000
225500,17,0.000020,0.000000
225600,2,0.000024,0.000000
225700,13,0.000014,0.000000
225800,17,0.000016,0.000000
225900,5,0.000012,0.000000
226000,8,0.000013,0.000000
226100,3,0.000013,0.000000
226200,4,0.000015,0.000000
226300,5,0.000016,0.000000
226400,9,0.000013,0.000000
226500,10,0.000016,0.000000
226600,18,0.000017,0.000000
226700,11,0.000015,0.000000
226800,12,0.000016,0.000000
226900,6,0.000012,0.000000
227000,1,0.000005,0.000000
227100,16,0.000018,0.000000
227200,1,0.000006,0.000000
227300,7,0.000015,0.000000
227400,6,0.000016,0.000000
227500,15,0.000014,0.000000
227600,5,0.000016,0.000000
227700,15,0.000014,0.000000
227800,12,0.000014,0.000000
227900,8,0.000013,0.000000
228000,16,0.000015,0.000000
228100,19,0.000015,0.000000
228200,8,0.000015,0.000000
228300,17,0.000017,0.000000
228400,19,0.000019,0.000000
228500,10,0.000012,0.000000
228600,6,0.000018,0.000000
228700,18,0.000015,0.000000
228800,19,0.000020,0.000000
228900,4,0.000013,0.000000
229000,1,0.000007,0.000000
229100,1,0.000011,0.000000
229200,11,0.000018,0.000000
229300,20,0.000015,0.000000
229400,6,0.000012,0.000000
229500,18,0.000014,0.000000
229600,6,0.000016,0.000000
229700,5,0.000011,0.000000
229800,1,0.000007,0.000000
229900,3,0.000011,0.000000
230000,7,0.000011,0.000000
230100,7,0.000016,0.000000
230200,8,0.000014,0.000000
230300,3,0.000013,0.000000
230400,12,0.000013,0.000000
230500,9,0.000017,0.000000
230600,18,0.000013,0.000000
230700,8,0.000011,0.000000
230800,16,0.000014,0.000000
230900,20,0.000014,0.000000
231000,17,0.000013,0.000000
231100,20,0.000015,0.000000
231200,19,0.000012,0.000000
231300,11,0.000015,0.000000
231400,16,0.000016,0.000000
231500,14,0.000013,0.000000
231600,1,0.000007,0.000000
231700,17,0.000015,0.000000
231800,11,0.000013,0.000000
231900,1,0.000006,0.000000
232000,19,0.000016,0.000000
232100,20,0.000013,0.000000
232200,17,0.000014,0.000000
232300,1,0.000005,0.000000
232400,6,0.000016,0.000000
232500,15,0.000013,0.000000
232600,15,0.000015,0.000000
232700,12,0.000013,0.000000
232800,18,0.000013,0.000000
232900,4,0.000015,0.000000
233000,17,0.000013,0.000000
233100,10,0.000014,0.000000
233200,7,0.000012,0.000000
233300,18,0.000014,0.000000
233400,8,0.000013,0.000000
233500,19,0.000014,0.000000
233600,11,0.000013,0.000000
233700,1,0.000003,0.000000
233800,13,0.000012,0.000000
233900,19,0.000014,0.000000
234000,12,0.000015,0.000000
234100,12,0.000013,0.000000
234200,3,0.000009,0.000000
234300,9,0.000012,0.000000
234400,2,0.000015,0.000000
234500,15,0.000011,0.000000
234600,3,0.000011,0.000000
234700,16,0.000016,0.000000
234800,6,0.000012,0.000000
234900,14,0.000012,0.000000
235000,19,0.000014,0.000000
235100,11,0.000015,0.000000
235200,14,0.000013,0.000000
235300,3,0.000009,0.000000
235400,8,0.000011,0.000000
235500,17,0.000013,0.000000
235600,7,0.000012,0.000000
235700,19,0.000012,0.000000
235800,3,0.000006,0.000000
235900,13,0.000011,0.000000
236000,19,0.000012,0.000000
236100,14,0.000011,0.000000
236200,13,0.000012,0.000000
236300,16,0.000011,0.000000
236400,11,0.000018,0.000000
236500,10,0.000012,0.000000
236600,6,0.000018,0.000000
236700,4,0.000013,0.000000
236800,9,0.000015,0.000000
236900,20,0.000013,0.000000
237000,13,0.000010,0.000000
237100,5,0.000014,0.000000
237200,12,0.000013,0.000000
237300,1,0.000004,0.000000
237400,14,0.000012,0.000000
237500,3,0.000010,0.000000
237600,2,0.000007,0.000000
237700,3,0.000010,0.000000
237800,14,0.000016,0.000000
237900,13,0.000012,0.000000
238000,2,0.000011,0.000000
238100,3,0.000010,0.000000
238200,1,0.000008,0.000000
238300,4,0.000007,0.000000
238400,18,0.000012,0.000000
238500,15,0.000012,0.000000
238600,2,0.000010,0.000000
238700,10,0.000009,0.000000
238800,6,0.000011,0.000000
238900,19,0.000011,0.000000
239000,18,0.000012,0.000000
239100,15,0.000011,0.000000
239200,17,0.000010,0.000000
239300,2,0.000006,0.000000
239400,15,0.000011,0.000000
239500,2,0.000009,0.000000
239600,5,0.000013,0.000000
239700,14,0.000012,0.000000
239800,8,0.000011,0.000000
239900,17,0.000011,0.000000
240000,5,0.000009,0.000000
240100,19,0.000013,0.000000
240200,18,0.000013,0.000000
240300,9,0.000011,0.000000
240400,9,0.000010,0.000000
240500,16,0.000010,0.000000
240600,9,0.000012,0.000000
240700,20,0.000010,0.000000
240800,5,0.000008,0.000000
240900,1,0.000005,0.000000
241000,18,0.000013,0.000000
241100,16,0.000009,0.000000
241200,4,0.000008,0.000000
241300,2,0.000014,0.000000
241400,13,0.000011,0.000000
241500,9,0.000012,0.000000
241600,17,0.000011,0.000000
241700,8,0.000009,0.000000
241800,1,0.000004,0.000000
241900,5,0.000010,0.000000
242000,8,0.000009,0.000000
242100,3,0.000013,0.000000
242200,12,0.000011,0.000000
242300,16,0.000013,0.000000
242400,7,0.000009,0.000000
242500,2,0.000005,0.000000
242600,4,0.000009,0.000000
242700,9,0.000010,0.000000
242800,17,0.000009,0.000000
242900,6,0.000009,0.000000
243000,12,0.000012,0.000000
243100,18,0.000010,0.000000
243200,6,0.000009,0.000000
243300,7,0.000010,0.000000
243400,16,0.000012,0.000000
243500,15,0.000017,0.000000
243600,16,0.000011,0.000000
243700,16,0.000012,0.000000
243800,1,0.000003,0.000000
243900,5,0.000012,0.000000
244000,2,0.000007,0.000000
244100,20,0.000011,0.000000
244200,17,0.000009,0.000000
244300,17,0.000010,0.000000
244400,8,0.000008,0.000000
244500,6,0.000011,0.000000
244600,7,0.000009,0.000000
244700,11,0.000010,0.000000
244800,3,0.000011,0.000000
244900,20,0.000009,0.000000
245000,17,0.000009,0.000000
245100,9,0.000008,0.000000
245200,13,0.000009,0.000000
245300,3,0.000008,0.000000
245400,20,0.000010,0.000000
245500,2,0.000006,0.000000
245600,4,0.000008,0.000000
245700,17,0.000010,0.000000
245800,16,0.000012,0.000000
245900,5,0.000006,0.000000
246000,6,0.000009,0.000000
246100,5,0.000008,0.000000
246200,8,0.000009,0.000000
246300,2,0.000009,0.000000
246400,16,0.000010,0.000000
246500,5,0.000009,0.000000
246600,5,0.000008,0.000000
246700,6,0.000009,0.000000
246800,5,0.000007,0.000000
246900,3,0.000011,0.000000
247000,15,0.000008,0.000000
247100,13,0.000009,0.000000
247200,11,0.000010,0.000000
247300,3,0.000010,0.000000
247400,11,0.000010,0.000000
247500,8,0.000008,0.000000
247600,14,0.000015,0.000000
247700,12,0.000009,0.000000
247800,4,0.000007,0.000000
247900,12,0.000009,0.000000
248000,1,0.000004,0.000000
248100,2,0.000006,0.000000
248200,13,0.000008,0.000000
248300,10,0.000008,0.000000
248400,7,0.000011,0.000000
248500,2,0.000006,0.000000
248600,15,0.000008,0.000000
248700,4,0.000007,0.000000
248800,5,0.000009,0.000000
248900,1,0.000005,0.000000
249000,8,0.000007,0.000000
249100,1,0.000005,0.000000
249200,16,0.000008,0.000000
249300,1,0.000003,0.000000
249400,2,0.000006,0.000000
249500,8,0.000011,0.000000
249600,13,0.000009,0.000000
249700,8,0.000008,0.000000
249800,16,0.000010,0.000000
249900,16,0.000009,0.000000
250000,20,0.000010,0.000000
250100,13,0.000009,0.000000
250200,16,0.000009,0.000000
250300,18,0.000008,0.000000
250400,15,0.000008,0.000000
250500,18,0.000011,0.000000
250600,10,0.000009,0.000000
250700,1,0.000003,0.000000
250800,18,0.000009,0.000000
250900,2,0.000007,0.000000
251000,12,0.000010,0.000000
251100,6,0.000007,0.000000
251200,13,0.000012,0.000000
251300,3,0.000005,0.000000
251400,8,0.000009,0.000000
251500,12,0.000008,0.000000
251600,15,0.000008,0.000000
251700,14,0.000008,0.000000
251800,8,0.000007,0.000000
251900,19,0.000009,0.000000
252000,6,0.000006,0.000000
252100,6,0.000011,0.000000
252200,2,0.000006,0.000000
252300,16,0.000011,0.000000
252400,18,0.000008,0.000000
252500,15,0.000009,0.000000
252600,4,0.000006,0.000000
252700,17,0.000008,0.000000
252800,1,0.000004,0.000000
252900,2,0.000007,0.000000
253000,12,0.000009,0.000000
253100,7,0.000008,0.000000
253200,11,0.000009,0.000000
253300,8,0.000008,0.000000
253400,4,0.000009,0.000000
253500,19,0.000007,0.000000
253600,10,0.000007,0.000000
253700,12,0.000008,0.000000
253800,1,0.000005,0.000000
253900,11,0.000009,0.000000
254000,19,0.000008,0.000000
254100,16,0.000009,0.000000
254200,20,0.000012,0.000000
254300,6,0.000008,0.000000
254400,16,0.000009,0.000000
254500,8,0.000009,0.000000
254600,8,0.000006,0.000000
254700,20,0.000010,0.000000
254800,16,0.000009,0.000000
254900,6,0.000008,0.000000
255000,3,0.000006,0.000000
255100,7,0.000008,0.000000
255200,8,0.000008,0.000000
255300,14,0.000008,0.000000
255400,11,0.000008,0.000000
255500,15,0.000008,0.000000
255600,14,0.000009,0.000000
255700,14,0.000007,0.000000
255800,5,0.000007,0.000000
255900,7,0.000009,0.000000
256000,14,0.000009,0.000000
256100,16,0.000006,0.000000
256200,6,0.000011,0.000000
256300,5,0.000008,0.000000
256400,13,0.000010,0.000000
256500,9,0.000013,0.000000
256600,11,0.000008,0.000000
256700,17,0.000008,0.000000
256800,9,0.000007,0.000000
256900,18,0.000007,0.000000
257000,1,0.000003,0.000000
257100,16,0.000007,0.000000
257200,10,0.000007,0.000000
257300,4,0.000007,0.000000
257400,1,0.000003,0.000000
257500,20,0.000009,0.000000
257600,17,0.000009,0.000000
257700,19,0.000008,0.000000
257800,7,0.000010,0.000000
257900,10,0.000008,0.000000
258000,11,0.000008,0.000000
258100,6,0.000007,0.000000
258200,8,0.000007,0.000000
258300,16,0.000009,0.000000
258400,4,0.000005,0.000000
258500,15,0.000017,0.000000
258600,6,0.000007,0.000000
258700,1,0.000006,0.000000
258800,5,0.000005,0.000000
258900,11,0.000007,0.000000
259000,10,0.000009,0.000000
259100,10,0.000008,0.000000
259200,11,0.000007,0.000000
259300,3,0.000005,0.000000
259400,18,0.000008,0.000000
259500,6,0.000006,0.000000
259600,19,0.000007,0.000000
259700,11,0.000006,0.000000
259800,17,0.000006,0.000000
259900,7,0.000006,0.000000
260000,4,0.000007,0.000000
260100,6,0.000008,0.000000
260200,17,0.000007,0.000000
260300,6,0.000007,0.000000
260400,20,0.000008,0.000000
260500,5,0.000005,0.000000
260600,15,0.000006,0.000000
260700,2,0.000006,0.000000
260800,2,0.000005,0.000000
260900,19,0.000008,0.000000
261000,9,0.000007,0.000000
261100,11,0.000007,0.000000
261200,7,0.000007,0.000000
261300,12,0.000006,0.000000
261400,14,0.000007,0.000000
261500,4,0.000019,0.000000
261600,6,0.000005,0.000000
261700,18,0.000009,0.000000
261800,9,0.000005,0.000000
261900,17,0.000007,0.000000
262000,1,0.000002,0.000000
262100,15,0.000008,0.000000
262200,14,0.000007,0.000000
262300,11,0.000006,0.000000
262400,2,0.000004,0.000000
262500,12,0.000007,0.000000
262600,6,0.000007,0.000000
262700,6,0.000008,0.000000
262800,2,0.000005,0.000000
262900,6,0.000005,0.000000
263000,4,0.000008,0.000000
263100,8,0.000007,0.000000
263200,4,0.000006,0.000000
263300,12,0.000008,0.000000
263400,11,0.000007,0.000000
263500,8,0.000007,0.000000
263600,5,0.000007,0.000000
263700,18,0.000007,0.000000
263800,14,0.000009,0.000000
263900,8,0.000007,0.000000
264000,11,0.000007,0.000000
264100,7,0.000005,0.000000
264200,19,0.000006,0.000000
264300,3,0.000006,0.000000
264400,13,0.000008,0.000000
264500,9,0.000008,0.000000
264600,5,0.000006,0.000000
264700,7,0.000006,0.000000
264800,1,0.000003,0.000000
264900,6,0.000006,0.000000
265000,18,0.000007,0.000000
265100,13,0.000007,0.000000
265200,11,0.000009,0.000000
265300,7,0.000006,0.000000
265400,4,0.000007,0.000000
265500,7,0.000007,0.000000
265600,6,0.000010,0.000000
265700,7,0.000009,0.000000
265800,6,0.000007,0.000000
265900,1,0.000007,0.000000
266000,12,0.000006,0.000000
266100,13,0.000006,0.000000
266200,3,0.000005,0.000000
266300,7,0.000007,0.000000
266400,20,0.000010,0.000000
266500,10,0.000007,0.000000
266600,7,0.000006,0.000000
266700,1,0.000002,0.000000
266800,20,0.000006,0.000000
266900,19,0.000007,0.000000
267000,6,0.000007,0.000000
267100,19,0.000008,0.000000
267200,13,0.000006,0.000000
267300,12,0.000008,0.000000
267400,11,0.000007,0.000000
267500,5,0.000007,0.000000
267600,8,0.000007,0.000000
267700,6,0.000005,0.000000
267800,19,0.000007,0.000000
267900,14,0.000008,0.000000
268000,13,0.000007,0.000000
268100,12,0.000009,0.000000
268200,4,0.000005,0.000000
268300,17,0.000006,0.000000
268400,19,0.000006,0.000000
268500,20,0.000006,0.000000
268600,11,0.000006,0.000000
268700,6,0.000006,0.000000
268800,9,0.000005,0.000000
268900,1,0.000004,0.000000
269000,20,0.000007,0.000000
269100,13,0.000006,0.000000
269200,12,0.000007,0.000000
269300,16,0.000007,0.000000
269400,13,0.000007,0.000000
269500,16,0.000006,0.000000
269600,13,0.000006,0.000000
269700,2,0.000004,0.000000
269800,1,0.000003,0.000000
269900,11,0.000007,0.000000
270000,20,0.000006,0.000000
270100,2,0.000005,0.000000
270200,20,0.000007,0.000000
270300,11,0.000007,0.000000
270400,12,0.000006,0.000000
270500,18,0.000007,0.000000
270600,16,0.000006,0.000000
270700,8,0.000007,0.000000
270800,20,0.000008,0.000000
270900,18,0.000006,0.000000
271000,7,0.000006,0.000000
271100,9,0.000006,0.000000
271200,14,0.000006,0.000000
271300,6,0.000006,0.000000
271400,13,0.000006,0.000000
271500,11,0.000006,0.000000
271600,11,0.000005,0.000000
271700,8,0.000007,0.000000
271800,8,0.000007,0.000000
271900,10,0.000005,0.000000
272000,8,0.000006,0.000000
272100,6,0.000005,0.000000
272200,3,0.000004,0.000000
272300,11,0.000006,0.000000
272400,11,0.000006,0.000000
272500,6,0.000006,0.000000
272600,11,0.000006,0.000000
272700,19,0.000008,0.000000
272800,9,0.000005,0.000000
272900,9,0.000006,0.000000
273000,17,0.000006,0.000000
273100,11,0.000006,0.000000
273200,16,0.000005,0.000000
273300,19,0.000007,0.000000
273400,19,0.000006,0.000000
273500,20,0.000005,0.000000
273600,7,0.000004,0.000000
273700,13,0.000007,0.000000
273800,3,0.000006,0.000000
273900,6,0.000005,0.000000
274000,14,0.000005,0.000000
274100,5,0.000005,0.000000
274200,9,0.000005,0.000000
274300,6,0.000006,0.000000
274400,9,0.000005,0.000000
274500,9,0.000006,0.000000
274600,16,0.000006,0.000000
274700,13,0.000006,0.000000
274800,20,0.000006,0.000000
274900,16,0.000006,0.000000
275000,4,0.000006,0.000000
275100,3,0.000003,0.000000
275200,14,0.000006,0.000000
275300,4,0.000005,0.000000
275400,4,0.000005,0.000000
275500,5,0.000006,0.000000
275600,6,0.000006,0.000000
275700,9,0.000007,0.000000
275800,12,0.000006,0.000000
275900,6,0.000006,0.000000
276000,11,0.000006,0.000000
276100,19,0.000006,0.000000
276200,16,0.000005,0.000000
276300,5,0.000006,0.000000
276400,14,0.000005,0.000000
276500,13,0.000006,0.000000
276600,3,0.000004,0.000000
276700,11,0.000006,0.000000
276800,3,0.000004,0.000000
276900,4,0.000004,0.000000
277000,1,0.000002,0.000000
277100,5,0.000005,0.000000
277200,6,0.000005,0.000000
277300,20,0.000005,0.000000
277400,2,0.000006,0.000000
277500,6,0.000006,0.000000
277600,8,0.000006,0.000000
277700,6,0.000005,0.000000
277800,3,0.000005,0.000000
277900,9,0.000005,0.000000
278000,14,0.000006,0.000000
278100,20,0.000007,0.000000
278200,4,0.000006,0.000000
278300,10,0.000005,0.000000
278400,10,0.000006,0.000000
278500,19,0.000006,0.000000
278600,1,0.000003,0.000000
278700,8,0.000005,0.000000
278800,9,0.000005,0.000000
278900,10,0.000005,0.000000
279000,10,0.000005,0.000000
279100,5,0.000005,0.000000
279200,17,0.000005,0.000000
279300,14,0.000006,0.000000
279400,12,0.000005,0.000000
279500,10,0.000006,0.000000
279600,2,0.000003,0.000000
279700,12,0.000006,0.000000
279800,5,0.000005,0.000000
279900,13,0.000006,0.000000
280000,10,0.000007,0.000000
280100,2,0.000003,0.000000
280200,20,0.000005,0.000000
280300,18,0.000005,0.000000
280400,13,0.000006,0.000000
280500,20,0.000006,0.000000
280600,20,0.000006,0.000000
280700,6,0.000004,0.000000
280800,11,0.000006,0.000000
280900,15,0.000005,0.000000
281000,12,0.000005,0.000000
281100,12,0.000006,0.000000
281200,8,0.000006,0.000000
281300,20,0.000006,0.000000
281400,16,0.000006,0.000000
281500,2,0.000004,0.000000
281600,16,0.000006,0.000000
281700,7,0.000004,0.000000
281800,12,0.000005,0.000000
281900,2,0.000004,0.000000
282000,4,0.000004,0.000000
282100,2,0.000004,0.000000
282200,12,0.000004,0.000000
282300,18,0.000006,0.000000
282400,9,0.000005,0.000000
282500,18,0.000005,0.000000
282600,11,0.000006,0.000000
282700,17,0.000006,0.000000
282800,13,0.000006,0.000000
282900,12,0.000007,0.000000
283000,12,0.000005,0.000000
283100,6,0.000005,0.000000
283200,8,0.000006,0.000000
283300,20,0.000005,0.000000
283400,16,0.000005,0.000000
283500,16,0.000006,0.000000
283600,4,0.000005,0.000000
283700,16,0.000005,0.000000
283800,18,0.000005,0.000000
283900,18,0.000005,0.000000
284000,18,0.000005,0.000000
284100,4,0.000004,0.000000
284200,11,0.000005,0.000000
284300,14,0.000006,0.000000
284400,17,0.000005,0.000000
284500,6,0.000005,0.000000
284600,3,0.000005,0.000000
284700,20,0.000006,0.000000
284800,15,0.000005,0.000000
284900,18,0.000005,0.000000
285000,18,0.000006,0.000000
285100,18,0.000005,0.000000
285200,12,0.000005,0.000000
285300,4,0.000005,0.000000
285400,2,0.000004,0.000000
285500,19,0.000005,0.000000
285600,4,0.000004,0.000000
285700,19,0.000005,0.000000
285800,14,0.000005,0.000000
285900,4,0.000005,0.000000
286000,10,0.000005,0.000000
286100,5,0.000005,0.000000
286200,4,0.000005,0.000000
286300,3,0.000003,0.000000
286400,4,0.000004,0.000000
286500,13,0.000006,0.000000
286600,18,0.000005,0.000000
286700,12,0.000005,0.000000
286800,17,0.000005,0.000000
286900,15,0.000007,0.000000
287000,17,0.000004,0.000000
287100,20,0.000006,0.000000
287200,2,0.000003,0.000000
287300,18,0.000006,0.000000
287400,9,0.000005,0.000000
287500,16,0.000005,0.000000
287600,4,0.000004,0.000000
287700,10,0.000005,0.000000
287800,20,0.000006,0.000000
287900,1,0.000002,0.000000
288000,20,0.000005,0.000000
288100,20,0.000005,0.000000
288200,4,0.000004,0.000000
288300,13,0.000005,0.000000
288400,10,0.000004,0.000000
288500,8,0.000005,0.000000
288600,20,0.000005,0.000000
288700,12,0.000005,0.000000
288800,12,0.000004,0.000000
288900,13,0.000005,0.000000
289000,5,0.000004,0.000000
289100,6,0.000004,0.000000
289200,9,0.000005,0.000000
289300,5,0.000006,0.000000
289400,16,0.000005,0.000000
289500,20,0.000005,0.000000
289600,1,0.000004,0.000000
289700,4,0.000005,0.000000
289800,15,0.000004,0.000000
289900,8,0.000004,0.000000
290000,11,0.000005,0.000000
290100,10,0.000005,0.000000
290200,15,0.000005,0.000000
290300,5,0.000005,0.000000
290400,12,0.000005,0.000000
290500,8,0.000004,0.000000
290600,8,0.000004,0.000000
290700,20,0.000005,0.000000
290800,10,0.000005,0.000000
290900,6,0.000004,0.000000
291000,6,0.000005,0.000000
291100,18,0.000006,0.000000
291200,12,0.000005,0.000000
291300,10,0.000004,0.000000
291400,16,0.000005,0.000000
291500,6,0.000004,0.000000
291600,17,0.000005,0.000000
291700,6,0.000004,0.000000
291800,13,0.000005,0.000000
291900,11,0.000006,0.000000
292000,3,0.000005,0.000000
292100,15,0.000004,0.000000
292200,9,0.000004,0.000000
292300,16,0.000005,0.000000
292400,15,0.000005,0.000000
292500,2,0.000004,0.000000
292600,9,0.000004,0.000000
292700,1,0.000002,0.000000
292800,5,0.000005,0.000000
292900,17,0.000005,0.000000
293000,18,0.000005,0.000000
293100,14,0.000005,0.000000
293200,16,0.000005,0.000000
293300,14,0.000004,0.000000
293400,15,0.000005,0.000000
293500,13,0.000005,0.000000
293600,3,0.000003,0.000000
293700,1,0.000004,0.000000
293800,15,0.000006,0.000000
293900,13,0.000004,0.000000
294000,15,0.000004,0.000000
294100,6,0.000005,0.000000
294200,15,0.000004,0.000000
294300,16,0.000005,0.000000
294400,7,0.000004,0.000000
294500,10,0.000004,0.000000
294600,16,0.000005,0.000000
294700,6,0.000004,0.000000
294800,13,0.000004,0.000000
294900,10,0.000005,0.000000
295000,18,0.000004,0.000000
295100,2,0.000002,0.000000
295200,16,0.000005,0.000000
295300,16,0.000005,0.000000
295400,13,0.000004,0.000000
295500,8,0.000005,0.000000
295600,14,0.000005,0.000000
295700,9,0.000005,0.000000
295800,5,0.000003,0.000000
295900,5,0.000005,0.000000
296000,11,0.000004,0.000000
296100,5,0.000004,0.000000
296200,11,0.000005,0.000000
296300,14,0.000005,0.000000
296400,16,0.000005,0.000000
296500,2,0.000002,0.000000
296600,5,0.000004,0.000000
296700,6,0.000004,0.000000
296800,17,0.000004,0.000000
296900,16,0.000006,0.000000
297000,4,0.000008,0.000000
297100,8,0.000005,0.000000
297200,7,0.000004,0.000000
297300,13,0.000005,0.000000
297400,20,0.000005,0.000000
297500,10,0.000004,0.000000
297600,5,0.000004,0.000000
297700,9,0.000004,0.000000
297800,15,0.000004,0.000000
297900,8,0.000004,0.000000
298000,13,0.000004,0.000000
298100,15,0.000005,0.000000
298200,18,0.000005,0.000000
298300,4,0.000004,0.000000
298400,12,0.000005,0.000000
298500,7,0.000004,0.000000
298600,3,0.000005,0.000000
298700,18,0.000004,0.000000
298800,3,0.000005,0.000000
298900,5,0.000005,0.000000
299000,19,0.000005,0.000000
299100,16,0.000004,0.000000
299200,12,0.000004,0.000000
299300,1,0.000002,0.000000
299400,3,0.000004,0.000000
299500,13,0.000004,0.000000
299600,14,0.000004,0.000000
299700,12,0.000004,0.000000
299800,11,0.000004,0.000000
299900,15,0.000004,0.000000
300000,17,0.000005,0.000000
300100,10,0.000005,0.000000
300200,5,0.000003,0.000000
300300,8,0.000005,0.000000
300400,2,0.000003,0.000000
300500,8,0.000005,0.000000
300600,20,0.000005,0.000000
300700,6,0.000004,0.000000
300800,18,0.000004,0.000000
300900,10,0.000004,0.000000
301000,14,0.000004,0.000000
301100,1,0.000002,0.000000
301200,3,0.000006,0.000000
301300,6,0.000004,0.000000
301400,10,0.000004,0.000000
301500,7,0.000004,0.000000
301600,20,0.000004,0.000000
301700,8,0.000003,0.000000
301800,8,0.000004,0.000000
301900,16,0.000005,0.000000
302000,2,0.000003,0.000000
